2.417260
1.917260
1.417260
0.917260
0.517260
0.417260
0.367260
0.217260
-0.082740
-0.432740
-0.482740
0.367260
1.217260
1.867260
2.067260
2.167260
2.067260
0.967260
-0.082740
-1.032740
-1.532740
-2.082740
-2.532740
-2.832740
-3.082740
-3.282740
-3.382740
-3.432740
-3.582740
-4.082740
-4.532740
-4.832740
-4.682740
-4.532740
-3.882740
-1.882740
0.117260
1.617260
1.617260
1.617260
1.467260
0.867260
0.167260
-0.332740
-0.532740
-0.832740
-0.982740
-0.982740
-1.082740
-1.032740
-0.932740
-0.782740
-0.682740
-0.782740
-0.832740
-0.832740
-0.632740
-0.432740
-0.182740
0.267260
0.717260
1.117260
1.417260
1.717260
1.817260
1.417260
0.917260
0.517260
0.117260
-0.282740
-0.682740
-1.182740
-1.682740
-2.132740
-2.232740
-2.382740
-2.682740
-3.382740
-4.082740
-4.682740
-5.132740
-5.582740
-5.682740
-4.982740
-4.232740
-3.532740
-2.832740
-2.182740
-1.882740
-2.682740
-3.382740
-4.082740
-4.382740
-4.732740
-5.082740
-5.482740
-5.882740
-6.232740
-6.482740
-6.732740
-6.932740
-7.132740
-7.332740
-7.482740
-7.382740
-7.282740
-6.832740
-5.332740
-3.882740
-2.632740
-2.132740
-1.582740
-1.432740
-2.432740
-3.432740
-4.182740
-4.182740
-4.182740
-4.182740
-4.182740
-4.182740
-4.132740
-3.832740
-3.582740
-3.432740
-3.732740
-3.982740
-4.232740
-4.532740
-4.782740
-4.582740
-2.982740
-1.382740
-0.082740
0.217260
0.567260
0.667260
-0.032740
-0.682740
-1.132740
-0.932740
-0.832740
-0.832740
-1.432740
-2.132740
-2.632740
-2.832740
-3.032740
-3.282740
-3.682740
-3.982740
-4.282740
-4.332740
-4.382740
-4.182740
-3.282740
-2.432740
-1.732740
-1.482740
-1.232740
-1.232740
-1.932740
-2.582740
-3.232740
-3.882740
-4.532740
-5.082740
-5.482740
-5.882740
-6.232740
-6.332740
-6.432740
-6.432740
-6.132740
-5.882740
-5.632740
-5.432740
-5.232740
-4.932740
-4.332740
-3.632740
-3.082740
-2.732740
-2.382740
-2.282740
-3.082740
-3.782740
-4.532740
-5.132740
-5.632740
-6.182740
-6.482740
-6.782740
-6.882740
-6.582740
-6.232740
-5.982740
-6.082740
-6.132740
-6.182740
-6.182740
-6.182740
-5.982740
-5.182740
-4.282740
-3.682740
-3.582740
-3.482740
-3.432740
-3.632740
-3.732740
-3.882740
-3.882740
-3.882740
-3.882740
-3.782740
-3.732740
-3.632740
-3.532740
-3.382740
-3.282740
-3.282740
-3.282740
-3.282740
-3.182740
-3.132740
-2.982740
-2.582740
-2.182740
-1.882740
-1.932740
-1.982740
-2.032740
-2.132740
-2.282740
-2.382740
-2.482740
-2.532740
-2.632740
-2.732740
-2.882740
-2.982740
-2.882740
-2.832740
-2.782740
-2.782740
-2.782740
-2.782740
-2.832740
-2.882740
-2.782740
-2.432740
-2.082740
-1.732740
-1.632740
-1.532740
-1.532740
-1.832740
-2.082740
-2.432740
-2.932740
-3.432740
-3.882740
-4.182740
-4.482740
-4.732740
-4.932740
-5.032740
-5.182740
-5.232740
-5.282740
-5.282740
-5.182740
-5.082740
-4.782740
-3.882740
-2.982740
-2.282740
-2.282740
-2.182740
-2.182740
-2.182740
-2.182740
-2.132740
-1.932740
-1.732740
-1.582740
-1.532740
-1.482740
-1.332740
-0.832740
-0.282740
0.317260
1.017260
1.767260
2.417260
2.717260
3.067260
3.667260
4.967260
6.317260
7.367260
7.467260
7.617260
7.517260
6.617260
5.717260
4.967260
4.817260
4.667260
4.517260
4.417260
4.317260
4.167260
3.867260
3.567260
3.317260
3.217260
3.167260
3.067260
2.867260
2.667260
2.567260
2.667260
2.817260
3.067260
3.667260
4.267260
4.667260
4.367260
4.067260
3.717260
3.417260
3.067260
2.767260
2.567260
2.367260
2.267260
2.517260
2.767260
2.917260
2.817260
2.717260
2.617260
2.617260
2.617260
2.717260
3.017260
3.367260
3.667260
3.917260
4.167260
4.117260
3.417260
2.667260
2.067260
1.767260
1.467260
1.267260
1.467260
1.567260
1.667260
1.517260
1.367260
1.267260
1.367260
1.467260
1.567260
1.767260
1.967260
2.367260
3.267260
4.217260
5.217260
6.317260
7.467260
8.417260
8.717260
9.017260
9.167260
9.067260
8.917260
8.617260
7.817260
7.017260
6.267260
5.667260
5.067260
4.467260
3.917260
3.367260
3.017260
3.517260
3.967260
4.667260
6.167260
7.617260
8.767260
8.967260
9.067260
8.967260
7.967260
6.867260
5.967260
5.467260
4.917260
4.367260
3.817260
3.267260
2.767260
2.567260
2.267260
2.017260
1.667260
1.317260
1.017260
1.017260
0.917260
0.967260
1.267260
1.517260
1.767260
2.067260
2.317260
2.567260
2.817260
3.067260
3.217260
3.267260
3.317260
3.267260
3.117260
2.967260
2.767260
2.667260
2.517260
2.417260
2.317260
2.217260
2.067260
1.917260
1.767260
1.767260
2.267260
2.817260
3.317260
3.767260
4.217260
4.417260
4.017260
3.517260
3.117260
2.817260
2.467260
2.167260
1.867260
1.617260
1.367260
1.267260
1.117260
1.167260
1.767260
2.267260
3.017260
4.117260
5.217260
6.217260
7.067260
7.917260
8.517260
8.567260
8.617260
8.317260
7.017260
5.767260
4.667260
3.967260
3.317260
2.717260
2.217260
1.767260
1.317260
1.017260
0.667260
0.317260
-0.032740
-0.382740
-0.682740
-0.782740
-0.882740
-0.732740
0.167260
1.067260
1.917260
2.717260
3.517260
4.117260
4.117260
4.117260
4.067260
3.867260
3.667260
3.467260
3.317260
3.167260
2.967260
2.867260
2.717260
2.617260
2.517260
2.417260
2.367260
2.667260
2.917260
3.317260
4.017260
4.717260
5.367260
5.867260
6.417260
6.817260
6.717260
6.667260
6.567260
6.467260
6.317260
6.067260
5.567260
5.017260
4.617260
4.617260
4.517260
4.517260
4.417260
4.317260
4.217260
4.117260
4.017260
3.967260
4.067260
4.167260
4.217260
4.217260
4.217260
4.167260
4.067260
3.917260
3.817260
3.817260
3.717260
3.667260
3.467260
3.167260
3.017260
3.017260
3.017260
3.117260
3.517260
3.817260
4.067260
3.867260
3.567260
3.617260
4.317260
5.017260
5.417260
4.917260
4.417260
3.917260
3.567260
3.217260
2.717260
1.917260
1.117260
0.467260
0.167260
-0.132740
-0.482740
-0.832740
-1.182740
-1.432740
-1.332740
-1.182740
-0.932740
-0.432740
0.067260
0.667260
1.667260
2.567260
3.317260
3.417260
3.467260
3.417260
2.917260
2.417260
1.917260
1.417260
0.917260
0.467260
0.167260
-0.132740
-0.332740
-0.132740
-0.032740
-0.032740
-0.732740
-1.432740
-1.932740
-1.632740
-1.382740
-1.032740
-0.432740
0.067260
0.567260
0.767260
0.867260
0.867260
0.267260
-0.332740
-0.932740
-1.482740
-2.032740
-2.582740
-3.082740
-3.532740
-3.882740
-3.982740
-4.032740
-4.182740
-4.482740
-4.782740
-5.032740
-5.232740
-5.332740
-5.282740
-4.582740
-3.832740
-3.032740
-2.032740
-1.132740
-0.432740
-0.732740
-1.032740
-1.282740
-1.282740
-1.382740
-1.232740
-0.632740
-0.132740
0.317260
0.317260
0.317260
0.517260
1.317260
2.017260
2.717260
3.017260
3.317260
3.667260
4.367260
5.017260
5.567260
5.667260
5.817260
5.717260
4.917260
4.117260
3.467260
3.317260
3.167260
2.967260
2.867260
2.717260
2.617260
2.517260
2.467260
2.467260
2.767260
3.017260
3.367260
3.867260
4.367260
4.867260
5.567260
6.217260
6.717260
6.717260
6.717260
6.467260
5.467260
4.367260
3.517260
3.217260
2.867260
2.417260
1.617260
0.717260
0.067260
-0.132740
-0.332740
-0.432740
-0.232740
-0.132740
0.017260
-0.082740
-0.182740
-0.032740
1.067260
2.117260
2.817260
2.417260
2.017260
1.517260
0.717260
-0.082740
-0.882740
-1.732740
-2.582740
-3.382740
-4.182740
-4.882740
-5.582740
-5.882740
-6.232740
-6.532740
-6.782740
-7.032740
-6.832740
-5.532740
-4.182740
-2.782740
-1.032740
0.667260
2.017260
2.317260
2.617260
2.617260
1.717260
0.867260
0.167260
-0.132740
-0.382740
-0.732740
-1.332740
-1.932740
-2.432740
-2.532740
-2.682740
-2.832740
-2.932740
-3.032740
-2.982740
-2.682740
-2.332740
-1.832740
-0.932740
-0.032740
1.017260
2.667260
4.317260
5.317260
4.517260
3.717260
2.967260
2.417260
1.867260
1.317260
0.817260
0.317260
-0.082740
-0.082740
-0.082740
-0.032740
0.067260
0.217260
0.517260
1.317260
2.017260
2.917260
4.217260
5.467260
6.467260
6.567260
6.717260
6.717260
6.367260
6.017260
5.717260
5.717260
5.717260
5.717260
5.817260
5.867260
5.917260
5.917260
5.917260
5.917260
5.967260
6.017260
6.017260
6.017260
5.917260
6.117260
7.017260
7.867260
8.517260
8.617260
8.667260
8.617260
8.117260
7.667260
7.267260
6.967260
6.717260
6.417260
6.017260
5.517260
4.967260
3.867260
2.817260
1.917260
1.417260
0.917260
0.567260
0.767260
0.967260
1.517260
3.117260
4.617260
5.967260
6.467260
6.967260
7.267260
7.167260
7.017260
7.067260
7.567260
8.067260
8.317260
7.917260
7.417260
7.067260
6.867260
6.567260
6.217260
5.417260
4.517260
4.017260
4.417260
4.817260
5.367260
6.367260
7.367260
8.167260
8.467260
8.717260
8.717260
8.017260
7.267260
6.667260
6.517260
6.367260
6.167260
5.867260
5.617260
5.417260
5.517260
5.567260
5.667260
5.767260
5.917260
6.067260
6.167260
6.317260
6.567260
7.167260
7.767260
8.167260
7.867260
7.617260
7.367260
7.067260
6.767260
6.417260
5.917260
5.467260
5.067260
4.867260
4.667260
4.517260
4.417260
4.317260
4.117260
3.817260
3.467260
3.167260
2.967260
2.667260
2.567260
2.817260
3.067260
3.167260
3.067260
2.917260
2.767260
2.617260
2.467260
2.217260
1.917260
1.567260
1.267260
1.067260
0.867260
0.667260
0.567260
0.417260
0.267260
-0.032740
-0.282740
-0.432740
-0.332740
-0.232740
0.067260
0.967260
1.867260
2.517260
2.417260
2.367260
2.267260
1.967260
1.667260
1.367260
1.267260
1.117260
0.967260
0.867260
0.717260
0.567260
0.467260
0.317260
0.167260
-0.032740
-0.232740
-0.482740
-0.982740
-1.432740
-1.732740
-1.482740
-1.232740
-1.132740
-1.282740
-1.432740
-1.632740
-1.782740
-1.932740
-2.182740
-2.482740
-2.782740
-3.132740
-3.832740
-4.482740
-4.982740
-4.982740
-4.882740
-4.932740
-5.132740
-5.332740
-5.282740
-4.382740
-3.482740
-2.432740
-0.932740
0.517260
1.617260
1.517260
1.467260
1.167260
0.167260
-0.932740
-1.832740
-2.532740
-3.182740
-3.732740
-3.832740
-3.932740
-3.932740
-3.832740
-3.682740
-3.582740
-3.482740
-3.382740
-3.332740
-3.432740
-3.582740
-3.532740
-2.832740
-2.182740
-1.682740
-1.682740
-1.682740
-1.732740
-1.832740
-1.982740
-2.082740
-2.132740
-2.182740
-2.182740
-2.182740
-2.182740
-2.382740
-3.282740
-4.132740
-4.782740
-4.882740
-4.932740
-4.782740
-4.082740
-3.332740
-2.532740
-1.482740
-0.432740
0.467260
1.067260
1.667260
1.867260
0.867260
-0.232740
-1.182740
-2.032740
-2.882740
-3.582740
-3.982740
-4.282740
-4.532740
-4.382740
-4.232740
-4.032740
-3.732740
-3.482740
-3.182740
-2.882740
-2.532740
-2.282740
-2.282740
-2.182740
-2.232740
-2.482740
-2.732740
-2.982740
-3.282740
-3.582740
-3.782740
-3.832740
-3.882740
-3.882740
-3.982740
-4.032740
-4.082740
-4.182740
-4.232740
-4.332740
-4.432740
-4.532740
-4.582740
-4.482740
-4.432740
-4.182740
-3.282740
-2.432740
-1.632740
-0.982740
-0.332740
-0.082740
-0.782740
-1.532740
-2.282740
-3.082740
-3.882740
-4.582740
-4.882740
-5.232740
-5.532740
-5.832740
-6.082740
-6.232740
-5.932740
-5.632740
-5.182740
-4.482740
-3.732740
-2.882740
-1.532740
-0.232740
0.867260
1.367260
1.917260
2.017260
0.917260
-0.232740
-1.282740
-2.182740
-3.032740
-3.782740
-4.082740
-4.382740
-4.682740
-5.082740
-5.382740
-5.882740
-6.682740
-7.382740
-7.632740
-6.132740
-4.682740
-3.232740
-1.832740
-0.532740
0.817260
2.017260
3.117260
3.767260
2.667260
1.567260
0.367260
-0.982740
-2.332740
-3.232740
-2.732740
-2.182740
-1.782740
-1.782740
-1.782740
-1.782740
-1.732740
-1.682740
-1.582740
-1.282740
-0.982740
-0.482740
0.767260
2.017260
3.067260
3.767260
4.417260
4.717260
3.917260
3.117260
2.217260
1.017260
-0.282740
-1.182740
-1.182740
-1.182740
-1.082740
-0.632740
-0.182740
0.317260
1.017260
1.717260
2.467260
3.517260
4.567260
5.617260
6.867260
8.117260
8.717260
7.517260
6.217260
5.317260
5.417260
5.467260
5.417260
4.917260
4.417260
3.867260
3.267260
2.667260
2.117260
1.617260
1.117260
0.567260
-0.032740
-0.632740
-0.882740
-0.182740
0.517260
1.467260
3.167260
4.867260
6.117260
6.167260
6.217260
6.117260
5.617260
5.167260
4.467260
3.067260
1.567260
0.517260
0.517260
0.517260
0.517260
0.617260
0.667260
0.717260
0.817260
0.867260
0.917260
0.967260
1.017260
1.317260
2.617260
3.867260
5.067260
6.067260
6.967260
7.467260
6.467260
5.367260
4.417260
3.717260
2.967260
2.317260
1.967260
1.617260
1.267260
0.967260
0.667260
0.367260
0.167260
-0.032740
-0.082740
0.317260
0.717260
1.467260
3.167260
4.917260
6.467260
7.367260
8.267260
8.617260
7.317260
6.067260
5.017260
4.617260
4.217260
4.067260
4.567260
5.117260
5.567260
5.767260
5.967260
6.217260
6.717260
7.167260
7.617260
8.067260
8.517260
9.167260
10.617260
12.067260
13.017260
12.667260
12.317260
11.767260
10.667260
9.617260
8.767260
8.467260
8.217260
8.017260
8.067260
8.117260
8.117260
8.167260
8.217260
8.267260
8.567260
8.817260
9.067260
9.267260
9.467260
9.767260
10.417260
11.067260
11.417260
11.017260
10.617260
10.167260
9.617260
9.067260
8.467260
7.867260
7.167260
6.667260
6.467260
6.267260
6.117260
6.217260
6.267260
6.317260
6.317260
6.317260
6.417260
6.817260
7.217260
7.717260
8.517260
9.317260
9.867260
9.567260
9.267260
8.917260
8.517260
8.117260
7.867260
7.967260
8.067260
8.067260
7.767260
7.517260
7.317260
7.217260
7.167260
7.067260
6.767260
6.517260
6.367260
6.467260
6.567260
7.017260
8.717260
10.367260
11.717260
12.017260
12.317260
12.367260
11.767260
11.167260
10.567260
10.067260
9.517260
9.067260
8.867260
8.567260
8.167260
7.217260
6.267260
5.367260
4.767260
4.167260
3.967260
4.867260
5.767260
6.717260
7.817260
8.967260
9.717260
9.217260
8.767260
8.267260
7.767260
7.217260
6.717260
6.217260
5.717260
5.267260
4.967260
4.667260
4.417260
4.417260
4.317260
4.367260
4.567260
4.767260
5.117260
5.817260
6.567260
7.317260
8.217260
9.067260
9.467260
8.367260
7.267260
6.367260
6.167260
5.867260
5.767260
5.967260
6.167260
6.367260
6.567260
6.767260
7.067260
7.667260
8.267260
8.417260
7.217260
5.917260
5.117260
5.417260
5.767260
6.317260
7.417260
8.567260
9.367260
9.167260
8.967260
8.617260
7.867260
7.117260
6.317260
5.517260
4.617260
3.867260
3.167260
2.467260
1.667260
0.717260
-0.232740
-1.032740
-1.132740
-1.282740
-0.982740
0.517260
2.067260
3.467260
4.367260
5.267260
5.817260
5.467260
5.117260
4.817260
4.867260
4.917260
4.867260
4.567260
4.267260
4.017260
4.017260
3.917260
3.917260
3.917260
3.817260
3.767260
3.467260
3.217260
3.067260
3.267260
3.367260
3.767260
4.667260
5.567260
6.467260
7.467260
8.467260
9.067260
8.367260
7.667260
7.017260
6.617260
6.117260
5.817260
5.717260
5.617260
5.417260
5.067260
4.717260
4.367260
4.067260
3.767260
3.567260
3.767260
3.867260
4.317260
5.417260
6.517260
7.267260
7.167260
7.017260
6.817260
6.467260
6.117260
5.667260
5.117260
4.567260
4.067260
3.867260
3.567260
3.317260
2.917260
2.417260
2.017260
1.617260
1.117260
0.967260
1.467260
2.017260
2.717260
3.817260
4.917260
5.917260
6.817260
7.667260
8.067260
6.967260
5.867260
4.817260
3.917260
3.017260
2.167260
1.617260
1.067260
0.467260
-0.132740
-0.732740
-1.282740
-1.632740
-1.982740
-2.082740
-1.182740
-0.332740
0.617260
1.817260
3.017260
4.067260
4.667260
5.267260
5.467260
4.467260
3.367260
2.267260
0.867260
-0.632740
-1.832740
-2.482740
-3.132740
-3.632740
-3.832740
-4.032740
-4.282740
-4.682740
-4.982740
-4.832740
-3.132740
-1.382740
0.467260
2.717260
4.967260
6.617260
6.517260
6.467260
6.167260
5.217260
4.267260
3.367260
2.867260
2.317260
1.667260
0.767260
-0.182740
-0.982740
-1.482740
-2.032740
-2.482740
-2.932740
-3.382740
-3.582740
-3.182740
-2.682740
-2.182740
-1.232740
-0.332740
0.467260
1.067260
1.567260
1.917260
1.417260
0.917260
0.367260
-0.232740
-0.832740
-1.382740
-1.782740
-2.182740
-2.532740
-2.832740
-3.082740
-3.332740
-3.532740
-3.732740
-3.682740
-2.782740
-1.832740
-0.782740
0.817260
2.317260
3.717260
4.517260
5.217260
5.517260
4.367260
3.217260
2.167260
1.467260
0.767260
0.117260
-0.282740
-0.682740
-1.082740
-1.382740
-1.732740
-2.082740
-2.532740
-2.982740
-3.082740
-2.382740
-1.632740
-0.832740
0.067260
1.017260
1.917260
2.717260
3.417260
3.867260
3.267260
2.667260
2.017260
1.217260
0.317260
-0.432740
-1.132740
-1.882740
-2.432740
-2.632740
-2.732740
-2.982740
-3.382740
-3.682740
-3.832740
-3.132740
-2.482740
-1.682740
-0.482740
0.617260
1.717260
2.567260
3.417260
4.017260
4.017260
3.917260
3.767260
3.067260
2.417260
1.667260
0.717260
-0.232740
-1.032740
-1.332740
-1.632740
-1.932740
-2.132740
-2.232740
-2.182740
-1.382740
-0.682740
0.217260
1.417260
2.517260
3.717260
4.817260
5.917260
6.567260
5.967260
5.367260
4.617260
3.417260
2.117260
0.967260
0.017260
-0.932740
-1.832740
-2.332740
-2.882740
-3.132740
-2.632740
-2.082740
-1.532740
-0.932740
-0.332740
0.267260
0.967260
1.617260
2.367260
3.267260
4.217260
4.867260
4.717260
4.567260
4.267260
3.767260
3.217260
2.767260
2.567260
2.367260
2.217260
2.117260
2.017260
1.917260
1.917260
1.917260
2.167260
3.217260
4.267260
5.117260
5.517260
5.817260
6.117260
6.117260
6.117260
6.017260
5.617260
5.217260
4.867260
4.567260
4.317260
4.117260
4.017260
3.917260
3.667260
3.167260
2.617260
2.217260
2.117260
2.017260
2.067260
2.567260
3.117260
3.667260
4.317260
4.967260
5.567260
6.067260
6.567260
6.867260
6.667260
6.467260
6.117260
5.217260
4.367260
3.517260
2.817260
2.067260
1.317260
0.617260
-0.132740
-0.782740
-1.182740
-1.582740
-1.732740
-1.132740
-0.532740
0.617260
3.517260
6.367260
8.767260
9.767260
10.767260
11.267260
10.267260
9.267260
8.017260
6.017260
3.917260
2.267260
1.717260
1.167260
0.517260
-0.382740
-1.232740
-1.932740
-2.232740
-2.482740
-1.932740
1.067260
4.067260
6.767260
8.667260
10.517260
12.017260
12.417260
12.817260
12.967260
12.267260
11.567260
10.717260
9.517260
8.317260
7.267260
6.567260
5.867260
5.267260
4.967260
4.667260
4.317260
3.817260
3.317260
3.367260
5.267260
7.117260
9.067260
11.317260
13.567260
15.417260
16.117260
16.817260
17.067260
16.067260
14.967260
13.667260
11.517260
9.367260
7.717260
7.717260
7.717260
7.667260
7.567260
7.417260
7.267260
7.067260
6.767260
6.917260
8.017260
9.167260
10.367260
11.867260
13.317260
14.417260
14.517260
14.567260
14.467260
13.867260
13.167260
12.567260
11.867260
11.167260
10.517260
10.217260
9.867260
9.617260
9.617260
9.617260
9.567260
9.467260
9.317260
9.467260
10.367260
11.317260
12.267260
13.267260
14.167260
14.817260
14.317260
13.867260
13.267260
12.367260
11.417260
10.717260
10.717260
10.617260
10.617260
10.517260
10.417260
10.367260
10.467260
10.567260
10.567260
10.267260
10.017260
9.917260
10.417260
10.867260
11.467260
12.467260
13.367260
14.167260
14.467260
14.717260
14.817260
14.417260
14.017260
13.417260
12.217260
10.917260
9.817260
9.017260
8.217260
7.567260
7.417260
7.267260
6.917260
6.017260
5.117260
4.717260
5.817260
6.917260
7.917260
8.817260
9.667260
10.367260
10.667260
10.917260
11.017260
10.517260
10.067260
9.467260
8.567260
7.617260
6.717260
5.967260
5.217260
4.367260
3.267260
2.167260
1.367260
1.567260
1.667260
2.267260
4.067260
5.767260
7.467260
8.917260
10.367260
11.567260
12.167260
12.667260
12.817260
11.517260
10.217260
9.067260
8.367260
7.717260
7.067260
6.567260
6.017260
5.467260
4.867260
4.267260
3.817260
3.917260
3.967260
4.267260
5.317260
6.367260
7.467260
8.917260
10.367260
11.617260
12.417260
13.117260
13.667260
13.367260
13.067260
12.617260
11.817260
11.017260
10.367260
10.067260
9.767260
9.467260
9.317260
9.167260
9.017260
9.017260
8.917260
9.117260
9.817260
10.567260
11.617260
13.617260
15.517260
17.017260
17.017260
17.017260
16.567260
14.867260
13.117260
11.767260
11.467260
11.217260
11.017260
10.917260
10.867260
10.767260
10.567260
10.367260
10.217260
10.117260
10.017260
10.017260
10.417260
10.717260
11.367260
12.667260
14.017260
14.717260
13.617260
12.467260
11.517260
11.117260
10.617260
10.017260
8.817260
7.617260
6.667260
6.467260
6.267260
6.167260
6.267260
6.367260
6.317260
5.917260
5.417260
5.417260
6.617260
7.717260
8.767260
9.367260
9.867260
10.317260
10.217260
10.167260
10.067260
9.767260
9.517260
9.167260
8.467260
7.767260
7.117260
6.767260
6.417260
6.267260
6.867260
7.367260
7.817260
7.717260
7.617260
7.617260
7.917260
8.217260
8.567260
9.167260
9.767260
10.367260
10.867260
11.367260
11.567260
11.017260
10.467260
9.917260
9.417260
8.917260
8.467260
8.317260
8.167260
7.967260
7.667260
7.367260
7.317260
8.017260
8.767260
9.367260
9.567260
9.767260
10.067260
10.717260
11.367260
11.917260
12.317260
12.717260
12.817260
12.017260
11.217260
10.567260
10.267260
10.017260
9.767260
9.667260
9.517260
9.317260
9.017260
8.667260
8.317260
7.917260
7.417260
7.367260
8.417260
9.467260
10.717260
12.767260
14.817260
16.117260
15.217260
14.317260
13.467260
12.967260
12.417260
11.817260
11.017260
10.217260
9.467260
8.767260
8.067260
7.417260
7.067260
6.717260
6.367260
6.267260
6.117260
6.217260
6.917260
7.667260
8.167260
8.017260
7.867260
7.967260
8.967260
9.967260
10.417260
9.117260
7.817260
6.667260
6.067260
5.467260
4.967260
4.767260
4.567260
4.367260
4.267260
4.117260
4.017260
4.067260
4.117260
4.417260
5.617260
6.817260
7.867260
8.517260
9.167260
9.517260
9.117260
8.617260
8.317260
8.217260
8.117260
7.667260
6.267260
4.767260
3.567260
3.017260
2.467260
1.967260
1.767260
1.567260
1.417260
1.467260
1.517260
1.917260
3.417260
4.917260
6.167260
6.767260
7.367260
7.917260
8.317260
8.717260
8.917260
8.517260
8.117260
7.617260
6.717260
5.867260
5.217260
5.117260
5.017260
4.917260
4.967260
5.017260
4.967260
4.767260
4.467260
4.417260
4.917260
5.367260
6.067260
7.517260
8.967260
9.867260
9.167260
8.467260
7.817260
7.317260
6.867260
6.467260
6.267260
5.967260
5.817260
5.917260
5.967260
6.067260
6.167260
6.267260
6.217260
5.817260
5.417260
5.417260
6.517260
7.617260
8.617260
9.467260
10.317260
10.817260
10.317260
9.817260
9.217260
8.467260
7.717260
7.117260
7.167260
7.217260
7.017260
6.317260
5.567260
4.967260
4.767260
4.567260
4.367260
4.067260
3.817260
3.917260
5.117260
6.217260
7.317260
8.017260
8.717260
9.267260
9.367260
9.467260
9.367260
8.767260
8.067260
7.467260
6.967260
6.417260
5.867260
5.167260
4.467260
3.817260
3.317260
2.867260
2.467260
2.317260
2.167260
2.567260
4.867260
7.117260
9.017260
9.867260
10.717260
11.417260
11.717260
12.067260
12.217260
11.917260
11.567260
10.967260
9.567260
8.167260
6.817260
5.517260
4.267260
3.367260
3.567260
3.767260
3.817260
3.467260
3.117260
3.367260
5.567260
7.767260
9.917260
12.017260
14.067260
15.867260
16.767260
17.717260
18.217260
17.517260
16.767260
15.817260
14.217260
12.617260
11.117260
9.817260
8.567260
7.617260
7.717260
7.767260
7.817260
7.717260
7.617260
7.567260
7.817260
8.067260
8.367260
9.017260
9.667260
10.317260
11.017260
11.717260
12.067260
11.467260
10.867260
10.017260
8.417260
6.817260
5.517260
5.017260
4.567260
4.217260
4.317260
4.367260
4.317260
3.817260
3.367260
3.517260
5.617260
7.667260
9.467260
10.567260
11.617260
12.517260
12.917260
13.317260
13.467260
12.917260
12.367260
11.517260
9.967260
8.417260
7.067260
6.517260
5.967260
5.267260
4.267260
3.267260
2.517260
2.417260
2.367260
2.867260
4.967260
7.117260
9.067260
10.517260
11.967260
13.317260
14.517260
15.617260
16.367260
15.767260
15.067260
14.267260
12.967260
11.617260
10.317260
9.217260
8.067260
7.117260
6.767260
6.417260
5.967260
5.467260
4.917260
5.167260
7.867260
10.517260
12.717260
13.567260
14.417260
15.117260
15.417260
15.767260
15.867260
15.267260
14.667260
13.917260
12.617260
11.367260
10.217260
9.417260
8.617260
7.817260
6.917260
6.067260
5.317260
4.917260
4.417260
4.417260
5.617260
6.817260
7.917260
8.767260
9.617260
10.317260
10.817260
11.267260
11.567260
11.367260
11.167260
10.717260
9.517260
8.317260
7.217260
6.317260
5.467260
4.717260
4.217260
3.767260
3.367260
3.067260
2.817260
3.017260
4.517260
6.017260
7.367260
8.417260
9.467260
10.317260
10.767260
11.217260
11.467260
11.267260
11.067260
10.567260
9.167260
7.767260
6.567260
6.017260
5.467260
4.967260
4.817260
4.667260
4.567260
4.767260
4.867260
5.217260
5.917260
6.667260
7.467260
8.367260
9.267260
10.017260
10.317260
10.617260
10.767260
10.567260
10.367260
9.967260
8.867260
7.767260
6.917260
6.917260
6.917260
6.817260
6.417260
6.017260
5.567260
4.967260
4.367260
4.117260
4.917260
5.717260
6.567260
7.667260
8.717260
9.467260
9.317260
9.167260
9.017260
8.917260
8.817260
8.417260
7.117260
5.867260
4.817260
4.517260
4.167260
3.967260
4.067260
4.167260
4.067260
3.467260
2.767260
2.767260
4.617260
6.467260
8.267260
10.067260
11.767260
13.267260
13.867260
14.367260
14.667260
14.067260
13.467260
12.667260
11.317260
9.967260
8.767260
8.167260
7.467260
6.867260
6.317260
5.767260
5.217260
4.867260
4.517260
4.617260
6.217260
7.817260
9.467260
11.167260
12.867260
14.217260
14.617260
15.017260
15.167260
14.467260
13.767260
12.867260
11.467260
9.967260
8.667260
7.767260
6.817260
5.867260
4.917260
3.967260
3.117260
2.617260
2.167260
2.417260
4.717260
7.067260
9.317260
11.417260
13.467260
15.217260
16.067260
16.917260
17.417260
16.917260
16.417260
15.567260
13.767260
11.967260
10.267260
8.767260
7.317260
6.067260
5.367260
4.667260
4.067260
3.867260
3.567260
4.217260
7.317260
10.467260
13.217260
14.717260
16.217260
17.467260
18.067260
18.567260
18.817260
18.117260
17.367260
16.267260
14.167260
12.017260
10.117260
8.917260
7.717260
6.767260
6.467260
6.167260
5.767260
5.067260
4.417260
4.717260
7.917260
11.017260
13.867260
15.667260
17.367260
18.517260
17.817260
17.067260
16.567260
16.767260
16.867260
16.467260
14.167260
11.917260
10.067260
9.467260
8.767260
8.017260
6.917260
5.767260
4.817260
4.467260
4.117260
4.267260
6.117260
7.967260
9.767260
11.467260
13.217260
14.667260
15.267260
15.867260
16.117260
15.317260
14.517260
13.467260
11.567260
9.667260
7.967260
6.967260
5.867260
4.867260
3.967260
3.017260
2.267260
2.167260
2.017260
2.517260
5.017260
7.467260
9.617260
10.917260
12.167260
13.367260
14.267260
15.167260
15.617260
14.917260
14.167260
13.317260
12.217260
11.067260
9.917260
8.617260
7.317260
6.217260
5.817260
5.317260
5.067260
5.267260
5.367260
5.967260
7.667260
9.417260
11.017260
12.317260
13.567260
14.667260
15.167260
15.667260
15.817260
15.017260
14.117260
13.167260
11.767260
10.367260
9.117260
8.317260
7.517260
6.767260
6.067260
5.417260
4.817260
4.417260
4.017260
4.267260
6.467260
8.667260
10.817260
12.817260
14.717260
16.367260
16.967260
17.567260
17.867260
17.317260
16.767260
15.767260
13.467260
11.217260
9.217260
8.067260
6.917260
5.817260
5.017260
4.117260
3.617260
4.067260
4.517260
5.717260
9.417260
13.067260
16.167260
17.467260
18.817260
19.867260
20.117260
20.367260
20.317260
19.417260
18.567260
17.417260
15.517260
13.567260
11.867260
10.867260
9.867260
9.017260
8.517260
8.017260
7.767260
8.267260
8.767260
9.417260
10.717260
11.967260
13.217260
14.417260
15.617260
16.617260
17.067260
17.517260
17.667260
16.967260
16.317260
15.417260
13.867260
12.317260
10.817260
9.617260
8.317260
7.217260
6.517260
5.767260
5.267260
5.367260
5.517260
6.117260
8.117260
10.017260
11.867260
13.317260
14.767260
15.967260
16.467260
17.017260
17.317260
17.017260
16.667260
15.917260
13.917260
11.817260
10.117260
9.217260
8.317260
7.467260
6.767260
6.117260
5.667260
5.767260
5.917260
6.717260
9.517260
12.217260
14.617260
15.817260
16.917260
17.967260
18.617260
19.267260
19.617260
19.117260
18.617260
17.867260
16.467260
15.067260
13.617260
12.117260
10.567260
9.167260
8.267260
7.317260
6.617260
6.517260
6.467260
7.317260
10.817260
14.367260
17.467260
19.167260
20.917260
22.367260
22.867260
23.367260
23.617260
23.117260
22.617260
21.717260
19.717260
17.617260
15.667260
13.767260
11.917260
10.467260
10.367260
10.217260
10.317260
11.017260
11.717260
12.767260
14.867260
16.967260
18.517260
18.517260
18.517260
18.717260
19.517260
20.317260
20.617260
19.417260
18.117260
16.817260
15.117260
13.417260
12.117260
12.117260
12.017260
11.967260
11.767260
11.567260
11.117260
9.817260
8.567260
7.917260
9.017260
10.167260
11.217260
12.017260
12.817260
13.517260
13.817260
14.117260
14.267260
14.117260
13.967260
13.517260
12.217260
10.967260
9.867260
9.367260
8.817260
8.367260
8.067260
7.767260
7.567260
7.867260
8.117260
8.717260
10.417260
12.067260
13.517260
14.217260
14.967260
15.467260
15.267260
15.067260
14.667260
13.767260
12.817260
11.967260
11.417260
10.867260
10.267260
9.667260
8.967260
8.467260
8.167260
7.867260
7.617260
7.517260
7.467260
7.717260
8.817260
9.967260
10.867260
11.117260
11.367260
11.467260
11.367260
11.217260
10.967260
10.267260
9.567260
8.917260
8.517260
8.017260
7.617260
7.217260
6.817260
6.367260
5.817260
5.267260
4.817260
4.867260
4.917260
5.067260
5.567260
6.117260
6.567260
6.867260
7.117260
7.517260
8.417260
9.267260
9.717260
8.917260
8.117260
7.367260
6.767260
6.067260
5.417260
4.717260
3.967260
3.317260
2.967260
2.617260
2.367260
2.567260
2.767260
3.317260
4.917260
6.517260
7.917260
8.617260
9.367260
10.067260
10.667260
11.167260
11.367260
10.417260
9.467260
8.517260
7.717260
6.917260
6.067260
5.117260
4.167260
3.317260
3.017260
2.667260
2.467260
2.667260
2.767260
3.367260
5.167260
6.967260
8.667260
9.967260
11.317260
12.317260
12.217260
12.117260
11.767260
10.667260
9.567260
8.667260
8.367260
8.117260
7.767260
7.167260
6.567260
6.017260
5.617260
5.117260
4.767260
4.567260
4.267260
4.617260
6.517260
8.417260
10.017260
10.817260
11.517260
12.167260
12.417260
12.667260
12.767260
12.567260
12.267260
11.667260
9.967260
8.217260
6.617260
5.467260
4.317260
3.267260
2.667260
1.967260
1.617260
1.917260
2.217260
2.917260
4.917260
6.817260
8.467260
8.967260
9.517260
10.067260
10.667260
11.267260
11.617260
11.217260
10.717260
10.217260
9.467260
8.717260
7.967260
7.267260
6.617260
6.067260
5.767260
5.517260
5.367260
5.467260
5.567260
5.867260
6.917260
7.967260
8.667260
8.367260
8.067260
8.017260
8.717260
9.467260
10.067260
10.267260
10.367260
10.217260
9.017260
7.717260
6.617260
5.917260
5.167260
4.717260
5.167260
5.617260
5.967260
6.267260
6.517260
6.767260
6.967260
7.067260
7.667260
9.517260
11.367260
12.917260
13.717260
14.517260
14.867260
13.767260
12.667260
11.717260
11.217260
10.767260
10.417260
10.317260
10.217260
10.067260
9.867260
9.667260
9.367260
8.767260
8.167260
7.717260
7.717260
7.617260
7.717260
8.217260
8.667260
9.167260
9.767260
10.267260
10.767260
10.967260
11.167260
11.167260
10.567260
9.967260
9.467260
9.317260
9.167260
8.867260
8.317260
7.767260
7.217260
6.717260
6.217260
5.817260
5.717260
5.667260
5.617260
5.717260
5.767260
5.917260
6.367260
6.817260
7.117260
7.017260
6.967260
6.817260
6.467260
6.117260
5.617260
4.917260
4.167260
3.667260
3.867260
4.067260
4.267260
4.367260
4.517260
4.867260
5.917260
6.967260
7.867260
8.367260
8.917260
9.267260
9.117260
8.967260
8.767260
8.467260
8.167260
7.767260
7.067260
6.367260
5.767260
5.467260
5.167260
4.867260
4.567260
4.267260
4.067260
4.167260
4.317260
4.817260
6.417260
8.017260
9.317260
9.617260
9.917260
10.217260
10.617260
11.017260
11.167260
10.467260
9.767260
8.967260
7.967260
6.967260
5.917260
4.717260
3.417260
2.317260
1.567260
0.817260
0.367260
0.867260
1.367260
2.467260
5.517260
8.567260
10.967260
11.667260
12.317260
12.867260
12.967260
13.067260
12.967260
12.467260
11.917260
11.267260
10.317260
9.367260
8.517260
8.167260
7.817260
7.417260
7.067260
6.717260
6.417260
6.517260
6.567260
6.917260
8.117260
9.217260
10.417260
11.617260
12.717260
13.617260
13.617260
13.617260
13.567260
13.367260
13.167260
12.667260
11.167260
9.717260
8.367260
7.367260
6.267260
5.367260
4.767260
4.167260
3.817260
4.117260
4.417260
5.117260
7.217260
9.267260
10.967260
11.467260
12.017260
12.517260
12.817260
13.117260
13.267260
13.067260
12.867260
12.467260
11.367260
10.317260
9.417260
9.017260
8.517260
8.317260
8.717260
9.117260
9.417260
9.317260
9.267260
9.467260
10.567260
11.617260
12.567260
13.217260
13.867260
14.517260
15.317260
16.017260
16.567260
16.417260
16.267260
15.617260
13.667260
11.717260
9.917260
8.717260
7.417260
6.417260
5.917260
5.467260
5.217260
5.667260
6.117260
7.017260
9.317260
11.667260
13.717260
14.917260
16.117260
17.117260
17.517260
17.917260
18.017260
17.267260
16.517260
15.567260
14.167260
12.667260
11.317260
10.167260
9.017260
7.967260
7.367260
6.767260
6.417260
6.917260
7.367260
8.317260
10.617260
12.967260
14.967260
16.017260
17.067260
17.917260
18.367260
18.817260
19.067260
18.917260
18.767260
18.067260
15.967260
13.817260
11.917260
10.817260
9.667260
8.667260
7.967260
7.267260
6.867260
7.517260
8.167260
9.217260
11.517260
13.867260
15.917260
17.017260
18.117260
19.067260
19.667260
20.267260
20.617260
20.117260
19.667260
18.967260
17.467260
16.017260
14.617260
13.467260
12.317260
11.317260
10.817260
10.367260
10.067260
10.167260
10.317260
10.967260
13.217260
15.467260
17.467260
18.767260
20.067260
21.167260
21.667260
22.217260
22.517260
22.217260
21.867260
21.117260
19.217260
17.267260
15.567260
14.567260
13.567260
12.717260
12.217260
11.717260
11.367260
11.617260
11.867260
12.517260
14.517260
16.517260
18.367260
19.767260
21.067260
22.267260
22.767260
23.317260
23.617260
23.217260
22.817260
22.067260
20.267260
18.367260
16.717260
15.567260
14.417260
13.217260
12.017260
10.817260
10.067260
10.667260
11.167260
12.217260
14.617260
17.017260
19.267260
21.067260
22.767260
24.217260
24.717260
25.167260
25.467260
25.167260
24.867260
24.067260
21.917260
19.767260
17.767260
16.267260
14.817260
13.467260
12.367260
11.267260
10.667260
11.667260
12.567260
14.067260
16.967260
19.917260
22.467260
23.967260
25.417260
26.667260
27.167260
27.667260
28.067260
28.267260
28.467260
27.817260
24.617260
21.317260
18.617260
17.317260
16.067260
14.817260
13.517260
12.267260
11.667260
13.067260
14.467260
15.717260
16.567260
17.417260
18.417260
19.917260
21.467260
22.667260
22.967260
23.217260
23.317260
22.967260
22.617260
21.917260
20.217260
18.567260
17.067260
16.167260
15.217260
14.467260
14.367260
14.217260
14.067260
13.867260
13.567260
13.667260
14.567260
15.467260
16.017260
15.667260
15.317260
15.317260
16.417260
17.567260
18.117260
16.817260
15.567260
14.467260
13.967260
13.417260
12.917260
12.417260
11.967260
11.617260
11.517260
11.417260
11.417260
11.817260
12.117260
12.667260
13.667260
14.567260
15.417260
15.817260
16.217260
16.667260
17.167260
17.717260
18.067260
17.767260
17.517260
16.867260
14.967260
13.067260
11.417260
10.717260
9.967260
9.267260
8.667260
7.967260
7.617260
7.917260
8.217260
8.917260
10.817260
12.717260
14.367260
15.267260
16.167260
16.967260
17.617260
18.267260
18.667260
18.567260
18.417260
17.817260
15.817260
13.817260
12.117260
11.417260
10.667260
10.067260
9.767260
9.517260
9.367260
9.617260
9.867260
10.317260
11.417260
12.517260
13.217260
12.817260
12.417260
12.267260
12.767260
13.317260
13.717260
13.617260
13.517260
13.467260
13.567260
13.667260
13.717260
13.717260
13.717260
13.717260
13.717260
13.617260
13.617260
13.717260
13.767260
13.967260
14.617260
15.267260
15.917260
16.717260
17.517260
18.217260
18.517260
18.867260
18.867260
17.917260
16.967260
16.017260
15.217260
14.317260
13.517260
12.817260
12.067260
11.467260
11.267260
11.067260
10.867260
10.567260
10.267260
10.167260
10.767260
11.267260
12.017260
13.117260
14.217260
15.317260
16.417260
17.517260
18.317260
18.217260
18.117260
17.617260
16.017260
14.417260
13.067260
12.517260
11.967260
11.467260
11.367260
11.217260
11.167260
11.367260
11.467260
11.867260
12.917260
13.967260
14.917260
15.617260
16.367260
16.767260
16.167260
15.567260
15.167260
15.267260
15.417260
15.367260
14.817260
14.267260
13.567260
12.467260
11.367260
10.567260
10.767260
10.967260
11.167260
11.267260
11.417260
11.567260
11.867260
12.117260
12.467260
13.067260
13.567260
14.217260
15.017260
15.717260
16.467260
17.167260
17.817260
17.917260
16.367260
14.817260
13.417260
12.717260
11.967260
11.217260
10.417260
9.617260
9.067260
9.367260
9.617260
10.417260
12.917260
15.367260
17.567260
18.967260
20.267260
21.467260
22.117260
22.767260
23.217260
23.117260
23.067260
22.567260
20.667260
18.767260
17.067260
16.067260
15.067260
14.067260
13.067260
11.967260
11.467260
12.517260
13.567260
14.967260
17.467260
19.967260
22.067260
23.167260
24.217260
25.017260
25.017260
25.017260
25.067260
25.167260
25.317260
24.967260
23.067260
21.217260
19.517260
18.417260
17.267260
16.167260
15.067260
13.967260
13.417260
14.717260
15.967260
17.517260
19.967260
22.417260
24.467260
25.517260
26.567260
27.367260
27.567260
27.767260
27.717260
26.817260
25.917260
24.817260
23.217260
21.517260
20.017260
18.917260
17.767260
16.717260
15.917260
15.017260
14.267260
13.567260
12.917260
12.517260
13.017260
13.467260
13.917260
14.417260
14.867260
15.617260
17.117260
18.667260
19.767260
19.567260
19.367260
18.917260
17.767260
16.617260
15.467260
14.367260
13.267260
12.217260
11.517260
10.767260
10.317260
10.717260
11.117260
11.667260
12.767260
13.817260
14.917260
16.017260
17.117260
18.017260
18.417260
18.817260
19.067260
18.967260
18.817260
18.467260
17.517260
16.567260
15.667260
15.067260
14.467260
13.917260
13.617260
13.267260
13.117260
13.417260
13.717260
14.117260
14.967260
15.817260
16.467260
16.717260
16.967260
17.117260
17.117260
17.017260
16.867260
16.167260
15.467260
14.817260
14.517260
14.167260
13.817260
13.517260
13.167260
12.867260
12.567260
12.317260
12.217260
12.517260
12.817260
13.317260
14.567260
15.817260
16.767260
16.867260
17.017260
17.167260
17.267260
17.417260
17.617260
18.017260
18.417260
18.467260
17.467260
16.467260
15.667260
15.367260
15.117260
14.867260
14.767260
14.617260
14.517260
14.517260
14.517260
14.567260
14.817260
15.067260
15.517260
16.717260
17.817260
18.767260
19.017260
19.267260
19.417260
19.417260
19.417260
19.117260
17.817260
16.517260
15.367260
14.767260
14.067260
13.617260
13.617260
13.617260
13.617260
13.717260
13.767260
14.067260
14.967260
15.867260
16.767260
17.667260
18.617260
19.417260
19.717260
20.017260
20.217260
20.267260
20.317260
19.967260
18.617260
17.267260
16.067260
15.367260
14.717260
14.167260
14.067260
13.917260
13.867260
13.967260
14.067260
14.317260
15.117260
15.817260
16.417260
16.417260
16.417260
16.717260
17.967260
19.217260
19.967260
19.467260
18.917260
18.317260
17.517260
16.617260
15.717260
14.517260
13.317260
12.217260
11.417260
10.617260
10.017260
10.017260
9.917260
10.317260
11.817260
13.367260
14.767260
15.667260
16.567260
17.367260
17.867260
18.367260
18.667260
18.367260
18.067260
17.667260
16.967260
16.317260
15.617260
14.717260
13.817260
12.967260
12.367260
11.767260
11.317260
11.317260
11.217260
11.417260
12.217260
13.017260
13.967260
15.417260
16.867260
17.917260
17.917260
17.817260
17.367260
15.467260
13.617260
12.117260
11.767260
11.417260
11.117260
11.017260
10.917260
10.917260
11.317260
11.617260
11.917260
11.817260
11.717260
11.717260
12.217260
12.667260
13.217260
13.917260
14.617260
15.367260
16.267260
17.167260
17.817260
17.717260
17.667260
17.367260
16.267260
15.217260
14.117260
12.917260
11.717260
10.617260
9.867260
9.117260
8.617260
8.917260
9.217260
9.817260
11.517260
13.167260
14.767260
16.167260
17.467260
18.617260
19.017260
19.317260
19.467260
18.767260
18.117260
17.417260
16.667260
15.917260
15.167260
14.467260
13.767260
13.167260
12.867260
12.567260
12.267260
12.167260
12.017260
12.167260
13.167260
14.067260
15.067260
16.117260
17.167260
17.917260
17.917260
17.917260
17.917260
17.917260
17.817260
17.567260
16.567260
15.467260
14.617260
14.317260
13.967260
13.717260
13.617260
13.517260
13.417260
13.317260
13.217260
13.317260
14.117260
14.917260
15.717260
16.567260
17.417260
18.067260
18.367260
18.617260
18.817260
18.917260
18.967260
18.817260
18.017260
17.217260
16.267260
14.967260
13.617260
12.467260
11.917260
11.367260
10.917260
11.017260
11.067260
11.117260
11.167260
11.217260
11.167260
10.867260
10.617260
10.967260
13.217260
15.467260
16.867260
15.767260
14.717260
13.617260
12.317260
11.067260
9.917260
9.017260
8.117260
7.417260
7.317260
7.267260
7.317260
7.717260
8.117260
8.667260
9.717260
10.767260
11.817260
13.067260
14.317260
15.317260
15.617260
15.967260
16.117260
15.617260
15.117260
14.317260
12.717260
11.017260
9.617260
8.717260
7.867260
7.017260
6.267260
5.517260
5.167260
6.067260
7.017260
8.217260
10.217260
12.217260
13.917260
14.767260
15.617260
16.467260
17.517260
18.567260
19.117260
18.417260
17.667260
16.967260
16.367260
15.667260
14.917260
13.617260
12.317260
11.117260
10.367260
9.617260
9.117260
9.617260
10.067260
11.067260
13.717260
16.367260
18.517260
19.367260
20.217260
21.017260
21.717260
22.467260
22.867260
22.267260
21.667260
20.917260
19.617260
18.317260
17.067260
15.967260
14.867260
13.767260
12.767260
11.767260
11.267260
12.167260
13.067260
14.267260
16.467260
18.567260
20.417260
21.217260
22.017260
22.717260
23.167260
23.617260
23.817260
23.517260
23.167260
22.517260
20.917260
19.217260
17.767260
16.867260
15.917260
14.967260
13.867260
12.767260
12.117260
12.967260
13.817260
14.917260
16.817260
18.767260
20.517260
21.817260
23.067260
24.217260
24.917260
25.667260
26.167260
25.967260
25.767260
25.067260
22.967260
20.817260
18.917260
17.817260
16.667260
15.517260
14.317260
13.117260
12.417260
13.117260
13.817260
14.817260
16.867260
18.917260
20.767260
22.217260
23.667260
24.867260
25.567260
26.217260
26.617260
26.317260
25.967260
25.167260
22.867260
20.567260
18.567260
17.467260
16.367260
15.317260
14.517260
13.717260
13.317260
14.017260
14.717260
15.917260
18.717260
21.517260
23.917260
25.017260
26.167260
27.167260
27.817260
28.467260
28.817260
28.417260
28.017260
27.167260
25.017260
22.867260
20.867260
19.367260
17.867260
16.567260
16.067260
15.517260
15.317260
16.117260
16.917260
18.267260
21.367260
24.417260
26.967260
27.967260
28.967260
29.767260
30.017260
30.267260
30.017260
28.517260
26.967260
25.367260
23.467260
21.567260
19.917260
19.017260
18.117260
17.317260
16.917260
16.417260
16.017260
15.617260
15.117260
14.817260
14.817260
14.817260
15.167260
16.667260
18.117260
19.417260
20.267260
21.117260
21.917260
22.717260
23.517260
23.817260
22.717260
21.567260
20.417260
19.117260
17.817260
16.617260
15.817260
15.017260
14.517260
14.817260
15.117260
15.817260
17.817260
19.817260
21.667260
23.117260
24.567260
25.817260
26.667260
27.517260
28.067260
27.767260
27.467260
26.667260
24.517260
22.367260
20.317260
18.717260
17.117260
15.717260
14.967260
14.217260
13.817260
14.617260
15.317260
16.567260
19.167260
21.767260
24.067260
25.367260
26.667260
27.667260
27.767260
27.917260
28.017260
28.067260
28.117260
27.617260
25.517260
23.467260
21.567260
20.067260
18.567260
17.167260
16.167260
15.067260
14.467260
15.067260
15.667260
16.817260
19.617260
22.317260
24.767260
26.067260
27.367260
28.417260
28.867260
29.317260
29.517260
29.167260
28.817260
28.067260
26.267260
24.467260
22.767260
21.367260
19.867260
18.617260
17.817260
16.917260
16.417260
16.917260
17.367260
18.167260
19.867260
21.617260
22.967260
23.167260
23.267260
23.517260
23.817260
24.167260
24.467260
24.717260
24.967260
24.867260
23.867260
22.867260
21.667260
19.867260
18.067260
16.567260
16.067260
15.517260
15.167260
15.467260
15.717260
16.167260
17.067260
17.967260
18.817260
19.517260
20.267260
21.117260
22.317260
23.417260
24.167260
23.467260
22.767260
21.867260
20.467260
19.067260
17.717260
16.417260
15.117260
14.017260
13.517260
13.017260
12.717260
13.117260
13.517260
14.417260
16.817260
19.117260
21.217260
22.317260
23.467260
24.617260
25.717260
26.817260
27.567260
27.267260
26.967260
26.117260
23.817260
21.467260
19.317260
17.617260
15.967260
14.567260
13.967260
13.367260
13.067260
13.767260
14.417260
15.267260
16.767260
18.217260
19.467260
19.967260
20.517260
21.017260
21.417260
21.817260
22.067260
21.867260
21.567260
20.917260
18.917260
16.817260
15.017260
13.867260
12.717260
11.617260
10.917260
10.167260
9.717260
10.167260
10.617260
11.517260
14.017260
16.467260
18.517260
19.417260
20.267260
21.217260
22.317260
23.417260
24.217260
24.267260
24.317260
23.717260
21.367260
19.017260
16.967260
16.017260
15.067260
14.067260
13.117260
12.167260
11.617260
12.417260
13.217260
14.567260
17.567260
20.467260
23.017260
24.117260
25.217260
26.167260
26.767260
27.367260
27.917260
28.217260
28.567260
28.167260
25.467260
22.767260
20.417260
19.117260
17.867260
16.617260
15.517260
14.367260
13.717260
14.417260
15.167260
16.567260
20.017260
23.467260
26.367260
27.817260
29.267260
30.517260
31.217260
31.967260
32.417260
32.067260
31.717260
30.717260
27.967260
25.217260
22.817260
21.617260
20.317260
19.517260
19.917260
20.217260
20.467260
20.267260
19.967260
20.267260
22.117260
23.967260
25.717260
27.217260
28.717260
30.067260
30.967260
31.867260
32.117260
30.517260
28.917260
27.317260
25.617260
23.917260
22.267260
20.867260
19.467260
18.167260
17.167260
16.167260
15.517260
15.817260
16.167260
16.967260
19.067260
21.217260
23.267260
24.967260
26.667260
28.117260
28.917260
29.717260
30.167260
29.567260
28.967260
27.917260
25.417260
22.917260
20.667260
19.167260
17.717260
16.467260
15.767260
15.117260
14.817260
15.517260
16.267260
17.217260
18.867260
20.517260
22.017260
23.217260
24.417260
25.467260
26.117260
26.767260
27.067260
26.367260
25.667260
24.717260
23.117260
21.517260
20.217260
19.717260
19.267260
18.717260
17.967260
17.217260
16.617260
16.517260
16.417260
16.467260
17.117260
17.767260
18.567260
19.867260
21.167260
22.217260
22.617260
22.917260
23.067260
22.467260
21.767260
21.167260
20.467260
19.817260
19.217260
18.817260
18.417260
17.967260
17.367260
16.667260
16.317260
16.717260
17.017260
17.617260
18.717260
19.817260
20.867260
21.917260
22.967260
23.717260
23.617260
23.517260
23.317260
22.967260
22.617260
22.017260
20.917260
19.767260
18.717260
17.817260
16.917260
16.117260
15.817260
15.467260
15.317260
15.617260
15.967260
16.217260
16.117260
16.067260
16.067260
16.317260
16.567260
17.167260
18.967260
20.667260
21.717260
20.517260
19.317260
18.217260
17.317260
16.467260
15.717260
15.317260
14.817260
14.367260
13.867260
13.317260
13.067260
13.567260
14.067260
14.817260
16.317260
17.817260
18.967260
19.167260
19.267260
19.717260
20.817260
21.917260
22.567260
21.967260
21.267260
20.517260
19.217260
17.917260
16.867260
16.567260
16.317260
16.217260
16.617260
16.917260
16.967260
15.967260
14.867260
14.317260
15.217260
16.067260
16.867260
17.367260
17.917260
18.417260
18.817260
19.217260
19.517260
19.417260
19.367260
19.017260
17.867260
16.717260
15.667260
15.067260
14.367260
13.817260
13.417260
13.017260
12.717260
12.617260
12.517260
12.667260
13.667260
14.567260
15.717260
17.367260
19.017260
20.217260
20.217260
20.217260
20.367260
20.967260
21.567260
21.517260
19.517260
17.517260
15.667260
14.267260
12.867260
11.617260
10.717260
9.867260
9.467260
10.467260
11.467260
12.817260
15.267260
17.717260
19.817260
21.117260
22.367260
23.517260
24.317260
25.117260
25.667260
25.567260
25.417260
24.767260
22.567260
20.367260
18.317260
16.817260
15.267260
13.867260
12.917260
11.967260
11.467260
12.517260
13.567260
15.067260
17.967260
20.867260
23.317260
24.517260
25.717260
26.817260
27.517260
28.267260
28.767260
28.467260
28.167260
27.217260
24.417260
21.517260
19.167260
18.267260
17.317260
16.367260
15.417260
14.467260
13.917260
14.617260
15.317260
16.567260
19.467260
22.367260
24.717260
25.517260
26.317260
27.017260
27.317260
27.617260
27.567260
26.567260
25.567260
24.317260
22.367260
20.417260
18.717260
17.817260
16.917260
16.217260
16.217260
16.217260
16.267260
16.517260
16.767260
16.967260
17.067260
17.167260
17.467260
18.567260
19.617260
20.667260
21.567260
22.467260
22.817260
21.617260
20.417260
19.217260
17.917260
16.617260
15.417260
14.717260
13.967260
13.317260
12.817260
12.367260
12.117260
12.567260
13.017260
13.767260
15.617260
17.467260
19.067260
19.967260
20.917260
21.717260
22.167260
22.617260
22.717260
21.917260
21.017260
19.967260
18.267260
16.517260
15.067260
14.367260
13.667260
13.017260
12.617260
12.117260
11.917260
12.317260
12.617260
13.317260
14.917260
16.517260
17.867260
18.467260
18.967260
19.517260
19.917260
20.217260
20.567260
20.667260
20.817260
20.517260
18.967260
17.417260
15.917260
14.617260
13.367260
12.267260
11.567260
10.917260
10.417260
10.417260
10.417260
10.917260
13.017260
15.067260
16.967260
18.467260
19.917260
20.967260
20.867260
20.717260
20.617260
20.517260
20.467260
20.167260
19.067260
17.967260
16.967260
16.367260
15.767260
15.267260
15.067260
14.767260
14.617260
14.667260
14.717260
15.167260
17.017260
18.867260
20.317260
20.717260
21.117260
21.517260
21.817260
22.117260
22.417260
22.717260
23.017260
22.717260
20.617260
18.567260
16.717260
15.517260
14.317260
13.317260
12.817260
12.317260
12.067260
12.767260
13.417260
14.317260
15.967260
17.617260
19.217260
20.867260
22.517260
23.867260
24.367260
24.917260
25.167260
24.567260
23.867260
22.967260
21.167260
19.367260
17.967260
17.667260
17.367260
17.067260
16.767260
16.517260
16.317260
16.317260
16.217260
16.367260
17.017260
17.667260
18.467260
19.917260
21.367260
22.767260
24.067260
25.417260
26.367260
26.167260
25.967260
25.317260
23.317260
21.317260
19.567260
18.667260
17.717260
16.817260
16.017260
15.117260
14.517260
14.617260
14.667260
15.117260
16.617260
18.117260
19.567260
21.017260
22.467260
23.667260
24.367260
25.017260
25.467260
25.167260
24.867260
24.017260
21.617260
19.117260
17.167260
16.567260
15.867260
15.167260
14.267260
13.317260
12.767260
13.417260
14.067260
14.567260
14.767260
14.967260
15.467260
16.767260
18.067260
19.417260
20.917260
22.417260
23.517260
23.417260
23.317260
22.717260
20.617260
18.517260
16.567260
15.217260
13.867260
12.667260
11.967260
11.317260
10.817260
10.817260
10.817260
11.267260
13.167260
15.017260
16.717260
17.817260
18.917260
20.017260
21.267260
22.517260
23.517260
23.817260
24.167260
23.967260
22.167260
20.367260
18.867260
18.167260
17.467260
16.767260
16.217260
15.667260
15.167260
15.017260
14.867260
15.117260
16.717260
18.217260
19.617260
20.417260
21.117260
22.017260
23.217260
24.317260
25.017260
24.267260
23.517260
22.517260
21.017260
19.467260
18.017260
16.917260
15.767260
14.917260
14.817260
14.717260
14.617260
14.667260
14.717260
14.967260
16.067260
17.117260
18.117260
18.817260
19.517260
20.167260
20.817260
21.467260
21.967260
22.067260
22.167260
21.817260
20.117260
18.417260
16.867260
15.767260
14.717260
13.917260
13.917260
13.817260
13.867260
13.967260
14.117260
14.617260
16.117260
17.617260
18.967260
20.067260
21.117260
21.917260
21.967260
22.017260
22.017260
22.017260
21.917260
21.467260
19.767260
18.017260
16.417260
15.267260
14.117260
13.017260
12.217260
11.317260
10.717260
10.717260
10.717260
11.067260
12.467260
13.867260
15.517260
18.017260
20.467260
22.367260
22.567260
22.667260
22.667260
21.967260
21.317260
20.517260
19.317260
18.017260
17.017260
16.617260
16.217260
15.867260
15.567260
15.267260
15.017260
15.117260
15.167260
15.367260
15.967260
16.567260
17.167260
17.667260
18.217260
18.667260
18.767260
18.867260
18.917260
18.817260
18.717260
18.267260
16.867260
15.367260
14.117260
13.367260
12.617260
11.917260
11.517260
11.017260
10.767260
10.867260
11.017260
11.567260
13.367260
15.167260
16.817260
17.917260
19.017260
19.867260
19.967260
20.117260
20.217260
20.267260
20.317260
19.867260
17.967260
16.067260
14.367260
13.267260
12.217260
11.267260
10.567260
9.867260
9.417260
9.717260
10.017260
10.767260
12.867260
15.017260
16.967260
18.367260
19.667260
20.967260
21.967260
22.967260
23.617260
23.317260
22.967260
22.267260
20.367260
18.467260
16.817260
16.067260
15.317260
14.667260
14.367260
14.067260
13.867260
13.967260
14.117260
14.467260
15.467260
16.367260
17.417260
18.667260
19.917260
20.917260
21.367260
21.817260
22.067260
21.767260
21.467260
20.817260
19.117260
17.417260
16.067260
15.767260
15.517260
15.017260
13.867260
12.717260
11.867260
11.967260
12.067260
12.417260
13.667260
14.917260
16.267260
18.167260
20.017260
21.717260
22.817260
23.917260
24.567260
23.967260
23.367260
22.367260
20.217260
18.067260
16.217260
15.317260
14.467260
13.667260
13.117260
12.567260
12.067260
11.767260
11.467260
12.017260
15.317260
18.567260
21.417260
23.017260
24.517260
25.867260
26.467260
26.967260
27.167260
26.217260
25.267260
24.017260
22.067260
20.117260
18.217260
16.717260
15.167260
13.867260
13.367260
12.817260
12.467260
12.567260
12.717260
13.267260
15.167260
17.017260
18.567260
19.217260
19.867260
20.317260
20.367260
20.417260
20.317260
19.967260
19.617260
19.217260
18.817260
18.317260
17.917260
17.617260
17.267260
16.917260
16.567260
16.217260
15.967260
16.067260
16.167260
16.367260
17.017260
17.667260
18.317260
19.017260
19.767260
20.567260
21.667260
22.717260
23.367260
22.817260
22.267260
21.367260
19.467260
17.567260
15.967260
15.267260
14.567260
13.967260
13.667260
13.417260
13.167260
12.867260
12.617260
12.867260
14.567260
16.267260
17.767260
18.767260
19.767260
20.667260
21.317260
21.967260
22.167260
21.167260
20.167260
19.217260
18.317260
17.467260
16.567260
15.667260
14.717260
13.817260
13.017260
12.217260
11.517260
11.117260
10.617260
10.717260
12.417260
14.067260
15.567260
16.467260
17.417260
18.117260
18.117260
18.017260
17.917260
17.617260
17.267260
16.817260
16.017260
15.117260
14.317260
13.517260
12.717260
11.917260
11.017260
10.167260
9.517260
9.617260
9.667260
10.167260
11.967260
13.767260
15.117260
15.217260
15.267260
15.067260
14.167260
13.217260
12.517260
12.617260
12.667260
12.617260
12.217260
11.817260
11.467260
11.367260
11.217260
11.117260
11.017260
10.967260
10.867260
10.767260
10.617260
10.717260
11.567260
12.417260
13.267260
14.267260
15.167260
15.967260
16.267260
16.517260
16.667260
16.467260
16.267260
15.867260
14.967260
14.017260
13.367260
13.667260
13.917260
14.017260
13.517260
13.067260
12.717260
12.617260
12.517260
12.917260
14.817260
16.717260
18.467260
19.867260
21.167260
22.367260
22.967260
23.567260
23.767260
22.667260
21.617260
20.317260
18.367260
16.417260
14.717260
13.917260
13.117260
12.517260
12.517260
12.517260
12.467260
12.167260
11.867260
11.917260
13.017260
14.167260
15.417260
17.017260
18.517260
19.567260
18.867260
18.217260
17.717260
17.717260
17.717260
17.467260
16.517260
15.567260
14.817260
14.717260
14.667260
14.517260
14.117260
13.617260
13.317260
13.367260
13.417260
13.617260
14.317260
15.067260
15.817260
16.667260
17.517260
18.317260
19.017260
19.717260
20.217260
20.217260
20.217260
19.767260
17.867260
15.967260
14.217260
13.117260
11.967260
11.017260
10.617260
10.217260
9.967260
10.067260
10.167260
10.717260
12.817260
14.867260
16.767260
18.167260
19.567260
20.967260
22.367260
23.667260
24.667260
24.567260
24.417260
23.917260
22.317260
20.617260
19.117260
18.017260
16.867260
15.867260
15.267260
14.667260
14.217260
14.217260
14.217260
14.667260
16.467260
18.267260
19.967260
21.367260
22.767260
24.117260
25.217260
26.317260
26.917260
26.117260
25.217260
24.167260
22.367260
20.567260
18.967260
17.967260
16.967260
16.117260
15.817260
15.467260
15.267260
15.367260
15.517260
15.817260
16.617260
17.317260
18.517260
20.917260
23.317260
25.417260
26.667260
27.917260
28.667260
28.067260
27.467260
26.517260
24.417260
22.367260
20.567260
19.467260
18.367260
17.467260
17.367260
17.217260
17.067260
16.767260
16.517260
16.617260
17.717260
18.867260
20.217260
22.317260
24.367260
26.017260
26.317260
26.617260
26.517260
25.417260
24.267260
23.167260
22.167260
21.067260
20.117260
19.317260
18.417260
17.867260
18.067260
18.167260
18.367260
18.567260
18.667260
18.667260
18.167260
17.617260
17.317260
17.617260
17.967260
18.367260
18.967260
19.567260
19.817260
19.117260
18.367260
17.667260
17.117260
16.567260
15.967260
15.267260
14.567260
13.817260
13.017260
12.217260
11.517260
11.017260
10.517260
10.567260
12.367260
14.167260
15.817260
17.117260
18.367260
19.417260
19.717260
20.017260
20.117260
19.617260
19.167260
18.467260
17.117260
15.767260
14.617260
14.217260
13.717260
13.417260
13.417260
13.317260
13.317260
13.317260
13.317260
13.517260
14.217260
14.967260
15.767260
16.667260
17.567260
18.567260
19.867260
21.167260
21.867260
20.967260
20.017260
19.267260
19.117260
18.967260
18.817260
18.717260
18.667260
18.567260
18.367260
18.167260
18.067260
18.167260
18.267260
18.567260
19.467260
20.367260
21.417260
22.917260
24.467260
25.367260
24.467260
23.517260
22.617260
21.867260
21.117260
20.317260
19.617260
18.867260
18.367260
18.567260
18.767260
18.817260
18.417260
18.017260
17.617260
17.317260
16.967260
16.917260
17.817260
18.667260
19.517260
20.317260
21.017260
21.567260
21.467260
21.317260
20.867260
19.567260
18.217260
17.017260
16.217260
15.317260
14.667260
14.367260
14.067260
13.767260
13.467260
13.167260
12.767260
12.067260
11.367260
11.317260
13.217260
15.117260
16.717260
17.567260
18.417260
19.067260
19.367260
19.617260
19.717260
19.217260
18.767260
17.917260
16.017260
14.067260
12.417260
11.517260
10.667260
9.917260
9.517260
9.117260
8.817260
8.717260
8.617260
9.017260
11.017260
12.917260
14.817260
16.317260
17.867260
19.217260
19.917260
20.617260
21.017260
20.517260
20.017260
19.117260
17.117260
15.117260
13.417260
12.717260
11.967260
11.317260
10.917260
10.517260
10.067260
9.467260
8.767260
8.867260
11.067260
13.167260
15.117260
16.217260
17.367260
18.367260
19.017260
19.667260
19.917260
19.117260
18.317260
17.267260
15.467260
13.567260
12.017260
11.117260
10.217260
9.317260
8.417260
7.517260
6.817260
6.817260
6.817260
7.517260
10.217260
12.917260
15.267260
16.667260
18.067260
19.267260
19.917260
20.567260
20.867260
20.317260
19.767260
18.867260
17.167260
15.417260
13.867260
12.867260
11.867260
10.967260
10.267260
9.617260
9.117260
9.017260
8.967260
9.617260
12.467260
15.317260
17.767260
19.167260
20.467260
21.567260
21.767260
21.967260
21.967260
21.467260
20.917260
20.067260
18.167260
16.317260
14.667260
13.667260
12.667260
11.817260
11.517260
11.167260
10.817260
10.467260
10.117260
10.367260
12.617260
14.867260
17.117260
19.417260
21.767260
23.717260
24.417260
25.167260
25.517260
24.617260
23.717260
22.567260
20.767260
18.867260
17.267260
16.267260
15.267260
14.267260
13.167260
12.067260
11.067260
10.367260
9.717260
9.917260
12.817260
15.667260
18.317260
20.217260
22.167260
23.867260
24.867260
25.767260
26.367260
25.767260
25.067260
24.067260
21.767260
19.467260
17.367260
15.867260
14.417260
13.217260
12.917260
12.567260
12.167260
11.617260
11.067260
11.367260
14.367260
17.267260
19.967260
21.767260
23.467260
24.917260
25.217260
25.567260
25.667260
25.117260
24.567260
23.717260
22.217260
20.667260
19.267260
18.167260
17.117260
16.167260
15.567260
14.967260
14.217260
13.017260
11.717260
11.417260
13.917260
16.367260
18.767260
20.967260
23.167260
24.817260
24.917260
24.967260
24.917260
24.417260
23.917260
23.317260
22.517260
21.617260
20.817260
20.067260
19.317260
18.567260
18.067260
17.517260
17.067260
16.867260
16.567260
16.617260
17.317260
18.017260
18.867260
20.167260
21.467260
22.217260
21.467260
20.717260
19.667260
17.967260
16.217260
14.867260
14.567260
14.267260
13.967260
13.667260
13.417260
13.167260
13.067260
12.917260
12.767260
12.567260
12.367260
12.717260
14.617260
16.517260
18.017260
18.417260
18.717260
19.117260
19.517260
19.917260
20.067260
19.367260
18.667260
17.767260
16.367260
14.867260
13.767260
13.467260
13.167260
12.817260
12.317260
11.867260
11.467260
11.317260
11.167260
11.267260
12.267260
13.267260
14.417260
15.917260
17.467260
18.617260
18.717260
18.767260
18.667260
17.967260
17.317260
16.517260
15.317260
14.117260
13.117260
12.717260
12.317260
11.917260
11.517260
11.117260
10.767260
10.567260
10.267260
10.467260
11.917260
13.367260
14.817260
16.317260
17.867260
19.067260
19.167260
19.267260
19.167260
18.567260
17.867260
17.267260
16.567260
15.917260
15.167260
14.167260
13.167260
12.317260
12.017260
11.667260
11.417260
11.417260
11.317260
11.517260
12.217260
12.917260
13.917260
16.017260
18.067260
19.767260
20.417260
21.067260
21.367260
20.767260
20.067260
19.217260
17.717260
16.167260
14.817260
14.117260
13.367260
12.717260
12.217260
11.717260
11.167260
10.467260
9.817260
10.067260
13.067260
15.967260
18.567260
20.067260
21.517260
22.817260
23.617260
24.417260
24.617260
23.117260
21.567260
20.067260
18.567260
17.117260
15.867260
15.267260
14.567260
14.017260
13.617260
13.117260
12.867260
13.067260
13.167260
13.517260
14.217260
14.917260
15.767260
17.167260
18.467260
19.667260
20.267260
20.767260
20.867260
19.467260
18.067260
16.617260
15.067260
13.517260
12.117260
11.217260
10.317260
9.467260
8.967260
8.417260
7.967260
7.667260
7.417260
7.767260
9.967260
12.167260
14.217260
15.817260
17.417260
18.717260
19.167260
19.617260
19.617260
18.417260
17.117260
15.917260
14.617260
13.367260
12.417260
12.317260
12.217260
12.017260
11.617260
11.217260
10.767260
10.217260
9.667260
9.567260
11.067260
12.517260
14.067260
15.767260
17.517260
19.067260
20.167260
21.217260
21.717260
20.417260
19.117260
17.717260
16.117260
14.517260
13.217260
12.717260
12.267260
11.917260
11.817260
11.767260
11.817260
12.117260
12.467260
12.817260
13.217260
13.517260
13.767260
13.617260
13.467260
13.617260
14.817260
16.017260
16.717260
15.917260
15.117260
14.367260
13.817260
13.267260
12.717260
12.417260
12.067260
11.717260
11.367260
11.017260
10.667260
10.467260
10.167260
10.267260
11.167260
12.067260
13.067260
14.367260
15.667260
16.667260
16.867260
17.067260
17.017260
16.217260
15.317260
14.517260
13.717260
12.817260
12.117260
11.717260
11.317260
10.767260
9.867260
8.917260
8.067260
7.467260
6.767260
6.967260
9.567260
12.167260
14.317260
15.167260
16.017260
16.617260
16.667260
16.717260
16.667260
16.367260
16.067260
15.367260
13.467260
11.567260
9.917260
9.017260
8.117260
7.267260
6.667260
6.067260
5.517260
5.117260
4.617260
5.017260
7.817260
10.517260
12.917260
14.167260
15.417260
16.317260
16.367260
16.417260
16.267260
15.667260
14.967260
14.017260
12.067260
10.117260
8.467260
7.767260
7.067260
6.467260
6.167260
5.917260
5.567260
5.017260
4.467260
4.817260
7.917260
11.017260
13.717260
15.317260
16.817260
18.167260
18.767260
19.367260
19.567260
18.617260
17.667260
16.367260
14.267260
12.117260
10.217260
9.017260
7.817260
6.767260
6.217260
5.667260
5.117260
4.617260
4.117260
4.617260
8.117260
11.667260
14.717260
16.317260
17.817260
19.117260
19.567260
20.017260
20.017260
18.817260
17.517260
16.117260
14.217260
12.267260
10.517260
9.317260
8.117260
7.167260
6.867260
6.567260
6.217260
5.867260
5.517260
6.017260
9.267260
12.517260
15.467260
17.567260
19.717260
21.467260
22.067260
22.667260
22.817260
21.617260
20.417260
18.967260
16.767260
14.467260
12.517260
11.317260
10.017260
9.017260
8.667260
8.317260
7.967260
7.767260
7.467260
8.217260
11.817260
15.417260
18.717260
21.017260
23.367260
25.267260
25.767260
26.267260
26.267260
24.767260
23.267260
21.667260
19.767260
17.917260
16.367260
15.667260
14.967260
14.467260
14.717260
14.967260
15.117260
15.017260
14.917260
15.017260
15.867260
16.717260
17.467260
17.967260
18.517260
19.067260
19.567260
20.067260
20.117260
18.817260
17.517260
16.317260
15.567260
14.817260
14.067260
13.567260
13.017260
12.517260
12.017260
11.567260
11.217260
11.217260
11.117260
11.317260
12.167260
13.017260
13.817260
14.517260
15.267260
15.617260
14.817260
13.917260
13.317260
13.217260
13.167260
12.967260
12.267260
11.617260
11.117260
11.017260
10.917260
10.717260
10.217260
9.767260
9.417260
9.417260
9.417260
9.517260
9.817260
10.167260
10.567260
11.067260
11.567260
11.967260
12.067260
12.217260
12.167260
11.567260
10.867260
10.117260
8.817260
7.517260
6.317260
5.417260
4.567260
3.867260
3.567260
3.267260
2.917260
2.567260
2.217260
2.517260
4.917260
7.317260
9.417260
10.517260
11.667260
12.467260
12.267260
11.967260
11.717260
11.217260
10.767260
10.217260
9.417260
8.517260
7.717260
7.017260
6.267260
5.667260
5.467260
5.167260
5.117260
5.517260
5.917260
6.417260
7.217260
8.017260
8.767260
9.367260
9.867260
10.317260
10.417260
10.467260
10.517260
10.567260
10.617260
10.567260
10.367260
10.167260
9.967260
9.767260
9.567260
9.267260
8.767260
8.217260
7.767260
7.567260
7.367260
7.567260
9.017260
10.467260
11.967260
13.867260
15.717260
17.117260
17.117260
17.017260
16.767260
15.767260
14.667260
13.767260
13.217260
12.667260
12.067260
11.467260
10.767260
10.117260
9.317260
8.417260
7.717260
7.367260
7.017260
7.217260
9.267260
11.317260
13.117260
14.317260
15.517260
16.467260
16.567260
16.717260
16.567260
15.567260
14.567260
13.667260
12.967260
12.267260
11.667260
11.467260
11.267260
11.067260
10.767260
10.467260
10.167260
9.967260
9.667260
9.667260
10.167260
10.717260
11.317260
12.117260
12.917260
13.617260
14.017260
14.417260
14.617260
14.117260
13.617260
13.017260
12.217260
11.417260
10.767260
10.667260
10.517260
10.417260
10.417260
10.417260
10.417260
10.417260
10.417260
10.617260
11.417260
12.217260
12.917260
13.217260
13.567260
13.817260
13.817260
13.817260
13.767260
13.567260
13.267260
13.217260
13.667260
14.117260
14.467260
14.567260
14.717260
14.817260
14.917260
14.967260
15.017260
15.017260
15.017260
15.117260
15.567260
16.017260
16.517260
17.317260
18.017260
18.667260
18.967260
19.217260
19.317260
18.817260
18.367260
17.717260
16.517260
15.217260
14.217260
13.717260
13.267260
12.867260
12.667260
12.367260
12.267260
12.467260
12.667260
13.267260
15.117260
16.967260
18.267260
18.167260
18.017260
17.817260
17.317260
16.817260
16.267260
15.567260
14.917260
14.317260
13.817260
13.367260
13.017260
12.917260
12.867260
12.817260
12.867260
12.917260
12.917260
13.017260
13.067260
13.267260
13.967260
14.617260
15.217260
15.517260
15.817260
15.967260
15.817260
15.667260
15.317260
14.567260
13.817260
13.067260
12.567260
12.017260
11.467260
10.867260
10.267260
9.967260
10.667260
11.317260
11.967260
12.567260
13.067260
13.667260
14.167260
14.717260
15.117260
15.217260
15.267260
15.267260
14.967260
14.717260
14.467260
14.317260
14.167260
14.017260
14.017260
14.017260
14.017260
13.917260
13.817260
13.717260
13.767260
13.817260
13.817260
13.867260
13.917260
13.917260
13.817260
13.717260
13.717260
14.117260
14.417260
14.717260
14.717260
14.617260
14.517260
14.167260
13.817260
13.417260
13.117260
12.767260
12.517260
12.517260
12.417260
12.417260
12.467260
12.517260
12.517260
12.417260
12.367260
12.467260
12.967260
13.517260
14.417260
16.317260
18.267260
19.867260
20.367260
20.917260
21.117260
20.317260
19.417260
18.617260
17.867260
17.117260
16.467260
16.167260
15.867260
15.467260
14.767260
14.117260
13.567260
13.417260
13.267260
13.467260
14.867260
16.167260
17.517260
18.717260
19.917260
20.917260
21.317260
21.617260
21.767260
21.067260
20.417260
19.767260
19.067260
18.417260
17.767260
17.067260
16.367260
15.717260
15.217260
14.767260
14.367260
14.267260
14.117260
14.317260
15.517260
16.717260
17.967260
19.267260
20.617260
21.617260
21.617260
21.617260
21.367260
20.267260
19.217260
18.217260
17.517260
16.767260
16.167260
15.967260
15.667260
15.417260
14.917260
14.467260
14.067260
13.767260
13.517260
13.517260
14.217260
14.967260
15.867260
17.167260
18.517260
19.617260
20.067260
20.517260
20.517260
19.367260
18.217260
17.017260
15.917260
14.767260
13.667260
12.567260
11.517260
10.567260
10.067260
9.517260
9.067260
8.967260
8.817260
8.917260
9.617260
10.317260
11.067260
12.067260
13.067260
13.917260
14.417260
14.867260
14.967260
13.967260
12.867260
11.917260
11.217260
10.467260
9.767260
9.217260
8.667260
8.117260
7.617260
7.117260
6.667260
6.367260
6.117260
6.217260
7.417260
8.617260
9.917260
11.517260
13.017260
14.467260
15.367260
16.267260
16.517260
14.967260
13.417260
11.967260
11.017260
10.067260
9.117260
8.367260
7.617260
6.867260
6.167260
5.517260
4.967260
4.667260
4.367260
4.417260
5.617260
6.717260
8.017260
9.667260
11.317260
12.667260
13.267260
13.867260
14.017260
12.917260
11.767260
10.667260
9.767260
8.817260
7.867260
6.767260
5.717260
4.867260
4.767260
4.617260
4.467260
4.317260
4.167260
4.367260
5.867260
7.317260
8.667260
9.767260
10.817260
11.817260
12.517260
13.217260
13.317260
11.717260
10.117260
8.567260
7.067260
5.617260
4.617260
5.017260
5.317260
5.567260
5.467260
5.317260
5.317260
5.617260
5.967260
6.567260
7.867260
9.167260
10.117260
10.217260
10.267260
10.417260
10.717260
11.017260
11.167260
11.067260
10.917260
10.717260
10.217260
9.767260
9.317260
8.967260
8.617260
8.317260
8.417260
8.467260
8.467260
8.167260
7.917260
7.917260
8.717260
9.417260
10.167260
10.767260
11.267260
11.817260
12.267260
12.717260
12.767260
11.867260
10.917260
10.067260
9.567260
9.017260
8.367260
7.267260
6.167260
5.167260
4.467260
3.767260
3.067260
2.567260
2.017260
2.017260
3.617260
5.117260
6.617260
7.817260
9.017260
9.967260
10.267260
10.517260
10.367260
9.017260
7.667260
6.367260
5.467260
4.517260
3.567260
2.567260
1.567260
0.717260
0.417260
0.067260
-0.082740
0.317260
0.717260
1.517260
3.417260
5.317260
7.017260
8.217260
9.417260
10.367260
10.617260
10.867260
10.917260
10.417260
9.967260
9.467260
8.967260
8.417260
7.917260
7.617260
7.267260
7.117260
7.417260
7.717260
8.017260
8.417260
8.717260
9.167260
9.767260
10.267260
10.867260
11.517260
12.167260
12.617260
12.517260
12.417260
12.217260
11.817260
11.317260
10.867260
10.317260
9.767260
9.167260
8.567260
7.867260
7.317260
6.817260
6.367260
5.867260
5.267260
4.567260
4.467260
5.767260
7.117260
8.367260
9.417260
10.467260
11.217260
11.267260
11.317260
10.867260
9.117260
7.367260
5.767260
4.817260
3.867260
2.917260
2.117260
1.217260
0.417260
-0.332740
-1.082740
-1.782740
-2.232740
-2.682740
-2.382740
0.067260
2.517260
4.717260
6.317260
7.917260
9.117260
9.167260
9.217260
8.867260
7.467260
5.967260
4.617260
3.317260
2.067260
1.117260
1.117260
1.017260
1.067260
1.317260
1.567260
1.717260
1.767260
1.817260
2.167260
3.617260
5.067260
6.417260
7.517260
8.667260
9.517260
9.617260
9.667260
9.367260
7.967260
6.567260
5.167260
3.667260
2.217260
0.967260
0.417260
-0.132740
-0.232740
1.067260
2.367260
3.367260
3.617260
3.867260
4.417260
6.017260
7.517260
8.867260
9.467260
10.067260
10.617260
11.117260
11.567260
11.817260
11.317260
10.867260
10.317260
9.417260
8.517260
7.717260
7.217260
6.717260
6.217260
5.867260
5.517260
5.017260
4.267260
3.517260
3.317260
4.967260
6.617260
8.117260
9.217260
10.367260
11.217260
11.117260
11.017260
10.667260
9.567260
8.517260
7.567260
6.967260
6.367260
5.667260
4.667260
3.667260
2.767260
2.267260
1.717260
1.367260
1.467260
1.567260
1.967260
3.367260
4.767260
6.117260
7.367260
8.617260
9.567260
9.767260
9.967260
9.667260
7.867260
5.967260
4.317260
3.117260
1.917260
0.867260
0.167260
-0.482740
-1.082740
-1.482740
-1.882740
-2.282740
-2.582740
-2.932740
-2.582740
-0.132740
2.317260
4.567260
6.417260
8.267260
9.767260
10.267260
10.767260
10.817260
9.517260
8.267260
7.167260
6.567260
5.867260
5.217260
4.317260
3.417260
2.717260
2.617260
2.517260
2.467260
2.567260
2.667260
3.067260
4.467260
5.867260
7.417260
9.467260
11.517260
13.017260
13.067260
13.117260
12.917260
12.017260
11.167260
10.467260
10.167260
9.867260
9.667260
9.867260
9.967260
10.117260
10.017260
9.917260
9.767260
9.567260
9.367260
9.267260
9.467260
9.567260
9.817260
10.117260
10.467260
10.917260
11.817260
12.667260
12.867260
11.167260
9.417260
8.117260
8.217260
8.267260
8.417260
8.817260
9.217260
9.467260
9.167260
8.917260
8.617260
8.267260
7.917260
7.717260
8.117260
8.517260
9.067260
10.067260
11.067260
12.017260
12.917260
13.767260
14.367260
14.167260
13.967260
13.517260
12.417260
11.267260
10.417260
10.317260
10.217260
10.017260
9.717260
9.367260
9.017260
8.667260
8.317260
8.167260
8.767260
9.267260
10.017260
11.117260
12.217260
13.067260
13.167260
13.317260
13.267260
12.667260
12.067260
11.467260
10.967260
10.417260
9.967260
9.767260
9.567260
9.367260
9.117260
9.017260
8.917260
8.867260
8.917260
9.217260
9.567260
10.117260
11.317260
12.517260
13.467260
13.567260
13.667260
13.567260
12.967260
12.267260
11.567260
10.617260
9.667260
8.767260
8.267260
7.717260
7.267260
7.067260
6.867260
6.767260
6.967260
7.067260
7.417260
8.267260
9.117260
10.067260
11.367260
12.667260
13.617260
13.717260
13.767260
13.367260
11.567260
9.767260
8.267260
7.667260
6.967260
6.317260
5.417260
4.567260
3.967260
4.217260
4.467260
4.717260
5.217260
5.667260
6.317260
7.617260
8.867260
10.067260
10.967260
11.917260
12.717260
13.017260
13.367260
13.467260
12.917260
12.367260
11.817260
11.417260
11.017260
10.817260
11.117260
11.417260
11.567260
11.267260
10.967260
10.767260
10.967260
11.067260
11.367260
11.967260
12.567260
13.167260
13.817260
14.467260
14.867260
14.567260
14.317260
14.117260
14.117260
14.017260
13.967260
13.767260
13.567260
13.417260
13.317260
13.267260
13.217260
13.117260
13.067260
13.017260
12.917260
12.867260
12.867260
13.067260
13.267260
13.517260
14.017260
14.467260
14.817260
14.817260
14.717260
14.617260
14.217260
13.817260
13.467260
13.317260
13.167260
12.967260
12.667260
12.417260
12.167260
12.067260
11.917260
11.817260
11.867260
11.917260
11.967260
12.267260
12.517260
13.017260
14.217260
15.417260
16.267260
15.967260
15.717260
15.217260
13.917260
12.617260
11.467260
10.867260
10.267260
9.917260
10.317260
10.717260
11.017260
11.017260
11.017260
10.917260
10.617260
10.267260
10.167260
10.817260
11.467260
12.067260
12.567260
13.117260
13.417260
13.067260
12.717260
12.167260
11.267260
10.317260
9.517260
9.217260
8.867260
8.567260
8.367260
8.167260
7.867260
7.167260
6.467260
5.867260
5.667260
5.467260
5.367260
5.567260
5.767260
6.167260
7.067260
8.017260
8.667260
8.467260
8.267260
7.717260
6.217260
4.667260
3.367260
2.667260
2.017260
1.517260
1.567260
1.617260
1.717260
2.117260
2.517260
2.917260
3.217260
3.567260
4.017260
4.817260
5.617260
6.567260
7.967260
9.267260
10.267260
10.167260
10.017260
9.667260
8.767260
7.817260
7.017260
6.717260
6.367260
6.167260
6.367260
6.567260
6.767260
6.867260
7.017260
7.067260
6.867260
6.667260
6.667260
7.267260
7.767260
8.317260
8.717260
9.017260
9.367260
9.467260
9.567260
9.467260
8.917260
8.367260
7.767260
7.217260
6.667260
6.117260
5.717260
5.217260
5.067260
5.667260
6.167260
6.617260
6.517260
6.417260
6.317260
6.317260
6.217260
6.367260
6.867260
7.367260
7.667260
7.567260
7.417260
7.067260
5.967260
4.867260
3.917260
3.417260
2.917260
2.467260
2.267260
1.967260
1.867260
1.967260
2.117260
2.417260
3.267260
4.117260
4.967260
5.867260
6.817260
7.817260
9.017260
10.117260
11.167260
11.817260
12.467260
12.917260
12.917260
12.917260
12.917260
13.017260
13.067260
13.067260
12.917260
12.767260
12.467260
11.867260
11.267260
10.817260
10.917260
10.967260
11.017260
11.067260
11.117260
11.267260
11.767260
12.317260
12.717260
12.717260
12.617260
12.617260
12.667260
12.717260
12.717260
12.617260
12.517260
12.417260
12.517260
12.567260
12.667260
12.867260
12.967260
13.117260
13.017260
12.917260
12.817260
12.917260
12.967260
12.967260
12.817260
12.667260
12.567260
12.667260
12.817260
12.867260
12.667260
12.467260
12.267260
12.067260
11.767260
11.667260
11.767260
11.917260
11.967260
11.817260
11.667260
11.317260
10.517260
9.617260
9.167260
9.767260
10.367260
10.817260
10.817260
10.817260
10.767260
10.617260
10.467260
10.167260
9.467260
8.817260
8.067260
7.167260
6.217260
5.317260
4.517260
3.617260
3.117260
3.417260
3.717260
3.967260
4.067260
4.167260
4.467260
5.367260
6.317260
7.367260
8.817260
10.267260
11.167260
10.617260
10.067260
9.267260
7.917260
6.567260
5.417260
4.917260
4.467260
3.967260
3.417260
2.867260
2.267260
1.767260
1.217260
0.767260
0.467260
0.167260
-0.032740
0.267260
0.517260
0.967260
1.867260
2.817260
3.617260
4.067260
4.517260
4.767260
4.667260
4.517260
4.367260
4.167260
3.867260
3.667260
3.467260
3.167260
2.967260
2.817260
2.667260
2.517260
2.517260
2.417260
2.417260
2.467260
2.517260
2.567260
2.667260
2.817260
2.967260
3.167260
3.367260
3.567260
3.767260
3.867260
4.067260
4.317260
4.567260
4.667260
4.367260
4.117260
3.817260
3.317260
2.817260
2.417260
2.317260
2.217260
2.367260
3.367260
4.267260
5.367260
6.667260
8.017260
9.067260
9.267260
9.467260
9.267260
7.967260
6.617260
5.567260
5.467260
5.317260
5.117260
4.767260
4.417260
4.017260
3.717260
3.367260
3.117260
3.117260
3.117260
3.267260
3.767260
4.317260
5.217260
7.217260
9.117260
10.517260
10.117260
9.717260
9.317260
8.917260
8.417260
8.067260
7.767260
7.467260
7.117260
6.717260
6.217260
5.817260
5.417260
4.917260
4.617260
4.717260
4.767260
4.917260
5.417260
5.867260
6.267260
6.367260
6.517260
6.717260
7.017260
7.367260
7.517260
7.017260
6.517260
6.117260
6.017260
5.917260
5.767260
5.467260
5.217260
5.017260
4.917260
4.817260
4.717260
4.717260
4.717260
4.767260
4.967260
5.167260
5.367260
5.617260
5.867260
6.017260
6.017260
5.917260
5.817260
5.517260
5.167260
4.867260
4.767260
4.617260
4.467260
4.267260
3.967260
3.767260
3.667260
3.517260
3.417260
3.317260
3.267260
3.267260
3.567260
3.817260
4.117260
4.517260
4.817260
5.167260
5.267260
5.417260
5.367260
4.767260
4.067260
3.467260
2.967260
2.417260
1.867260
1.317260
0.767260
0.267260
0.067260
-0.132740
-0.182740
0.117260
0.417260
0.767260
1.267260
1.817260
2.517260
3.767260
5.017260
6.017260
6.317260
6.617260
6.617260
5.717260
4.817260
3.967260
3.267260
2.567260
1.867260
1.367260
0.817260
0.367260
0.067260
-0.232740
-0.482740
-0.582740
-0.632740
-0.532740
0.117260
0.767260
1.467260
2.367260
3.267260
4.117260
4.917260
5.717260
6.217260
5.717260
5.217260
4.767260
4.467260
4.167260
3.817260
3.417260
3.017260
2.617260
2.267260
1.917260
1.667260
1.767260
1.867260
1.817260
1.467260
1.117260
1.067260
2.117260
3.167260
3.967260
4.067260
4.217260
3.967260
2.467260
0.967260
-0.332740
-0.882740
-1.432740
-1.982740
-2.282740
-2.632740
-2.932740
-3.132740
-3.232740
-3.432740
-3.532740
-3.632740
-3.532740
-3.032740
-2.482740
-1.682740
-0.182740
1.367260
2.617260
3.017260
3.417260
3.417260
2.117260
0.867260
-0.232740
-0.732740
-1.282740
-1.732740
-1.832740
-1.982740
-2.032740
-1.932740
-1.782740
-1.682740
-1.582740
-1.532740
-1.482740
-1.432740
-1.382740
-1.182740
-0.382740
0.317260
0.917260
0.917260
0.817260
0.767260
0.567260
0.267260
0.017260
-0.382740
-0.882740
-1.082740
-0.782740
-0.482740
-0.332740
-0.482740
-0.632740
-0.782740
-0.882740
-0.982740
-1.082740
-1.082740
-1.182740
-1.132740
-1.032740
-0.882740
-0.782740
-0.782740
-0.782740
-0.782740
-0.882740
-0.932740
-0.982740
-1.082740
-1.132740
-1.182740
-1.282740
-1.382740
-1.532740
-1.732740
-1.932740
-2.132740
-2.232740
-2.332740
-2.282740
-1.882740
-1.482740
-1.032740
-0.432740
0.167260
0.617260
0.667260
0.717260
0.417260
-0.682740
-1.832740
-2.832740
-3.432740
-3.932740
-4.532740
-5.132740
-5.732740
-6.182740
-6.232740
-6.282740
-6.332740
-6.532740
-6.732740
-6.832740
-6.632740
-6.332740
-5.932740
-4.982740
-4.032740
-3.232740
-3.082740
-2.932740
-2.982740
-3.682740
-4.382740
-4.932740
-5.182740
-5.432740
-5.582740
-5.582740
-5.482740
-5.482740
-5.482740
-5.482740
-5.382740
-5.082740
-4.732740
-4.382740
-4.082740
-3.732740
-3.482740
-3.382740
-3.282740
-3.182740
-3.182740
-3.182740
-3.382740
-4.182740
-4.882740
-5.482740
-5.382740
-5.332740
-5.332740
-5.532740
-5.632740
-5.732740
-5.632740
-5.482740
-5.432740
-5.732740
-5.982740
-5.932740
-4.932740
-3.932740
-2.882740
-1.682740
-0.582740
0.317260
0.217260
0.117260
-0.132740
-0.632740
-1.182740
-1.782740
-2.482740
-3.182740
-3.732740
-3.832740
-3.982740
-4.232740
-4.832740
-5.332740
-5.882740
-6.282740
-6.582740
-6.832740
-6.632740
-6.332740
-5.832740
-4.432740
-3.032740
-1.882740
-1.582740
-1.232740
-1.132740
-1.832740
-2.482740
-3.082740
-3.382740
-3.732740
-3.982740
-3.882740
-3.782740
-3.632740
-3.432740
-3.232740
-2.982740
-2.632740
-2.282740
-1.732740
-0.682740
0.367260
1.367260
2.417260
3.467260
4.217260
4.267260
4.317260
4.117260
3.417260
2.667260
2.117260
2.017260
1.967260
1.867260
1.667260
1.367260
1.217260
1.217260
1.217260
1.217260
1.117260
1.067260
1.067260
1.267260
1.467260
1.717260
2.017260
2.367260
2.667260
2.767260
2.867260
2.867260
2.567260
2.317260
2.117260
2.217260
2.267260
2.317260
2.217260
2.117260
2.017260
2.017260
1.917260
1.867260
1.667260
1.367260
1.167260
1.017260
0.867260
0.767260
0.867260
0.967260
1.067260
1.167260
1.317260
1.367260
1.217260
1.067260
0.867260
0.767260
0.617260
0.517260
0.417260
0.317260
0.217260
0.217260
0.217260
0.217260
0.217260
0.117260
0.117260
0.117260
0.117260
0.167260
0.267260
0.417260
0.517260
0.517260
0.417260
0.417260
0.517260
0.567260
0.617260
0.517260
0.467260
0.417260
0.467260
0.517260
0.467260
0.367260
0.217260
0.067260
-0.082740
-0.232740
-0.382740
-0.332740
-0.282740
-0.232740
-0.132740
-0.032740
-0.032740
-0.132740
-0.282740
-0.332740
-0.032740
0.217260
0.367260
0.067260
-0.232740
-0.482740
-0.582740
-0.682740
-0.882740
-1.182740
-1.532740
-1.882740
-2.382740
-2.832740
-3.082740
-2.682740
-2.282740
-1.582740
-0.082740
1.417260
2.517260
2.517260
2.517260
2.267260
1.167260
0.117260
-0.832740
-1.332740
-1.882740
-2.432740
-3.032740
-3.532740
-4.032740
-4.132740
-4.232740
-4.232740
-4.132740
-3.982740
-3.682740
-2.782740
-1.932740
-0.832740
0.967260
2.667260
4.117260
4.517260
4.917260
4.967260
3.867260
2.817260
1.717260
0.517260
-0.782740
-1.832740
-2.432740
-2.932740
-3.432740
-3.632740
-3.832740
-3.782740
-3.082740
-2.332740
-1.732740
-1.482740
-1.232740
-0.682740
1.017260
2.667260
3.967260
4.217260
4.467260
4.567260
4.267260
3.967260
3.667260
3.567260
3.417260
3.317260
3.317260
3.217260
3.167260
2.967260
2.667260
2.517260
2.517260
2.517260
2.517260
2.517260
2.417260
2.617260
3.417260
4.217260
4.817260
4.867260
4.917260
4.667260
3.667260
2.667260
1.717260
1.017260
0.267260
-0.432740
-0.932740
-1.482740
-1.832740
-1.732740
-1.582740
-1.482740
-1.482740
-1.482740
-1.482740
-1.482740
-1.482740
-1.482740
-1.432740
-1.382740
-1.332740
-1.132740
-1.032740
-1.132740
-2.132740
-3.132740
-3.882740
-3.932740
-3.982740
-4.132740
-4.732740
-5.232740
-5.782740
-6.082740
-6.432740
-6.582740
-6.082740
-5.582740
-5.032740
-4.332740
-3.632740
-2.632740
-0.832740
0.867260
2.267260
2.517260
2.767260
2.567260
1.267260
-0.082740
-1.282740
-1.982740
-2.732740
-3.432740
-3.932740
-4.432740
-4.882740
-5.182740
-5.482740
-5.732740
-5.932740
-6.132740
-6.182740
-5.782740
-5.382740
-4.582740
-2.582740
-0.582740
0.967260
1.067260
1.167260
0.967260
-0.032740
-1.132740
-1.932740
-2.032740
-2.182740
-2.182740
-1.782740
-1.382740
-1.082740
-1.032740
-0.982740
-0.932740
-0.682740
-0.432740
-0.232740
-0.132740
-0.032740
0.217260
1.117260
1.967260
2.667260
2.917260
3.167260
3.367260
3.617260
3.867260
4.067260
4.167260
4.317260
4.267260
3.667260
3.067260
2.467260
1.767260
1.067260
0.317260
-0.582740
-1.482740
-2.232740
-2.432740
-2.632740
-2.482740
-1.282740
-0.182740
0.817260
1.117260
1.417260
1.467260
0.767260
0.067260
-0.632740
-1.132740
-1.682740
-2.132740
-2.232740
-2.332740
-2.382740
-2.382740
-2.382740
-2.382740
-2.282740
-2.182740
-2.032740
-1.732740
-1.482740
-0.982740
0.267260
1.517260
2.467260
2.567260
2.717260
2.667260
2.067260
1.367260
0.817260
0.467260
0.117260
-0.182740
-0.182740
-0.182740
-0.132740
-0.032740
0.117260
0.417260
1.267260
2.117260
2.867260
3.367260
3.867260
4.367260
4.867260
5.367260
5.867260
6.467260
6.967260
7.317260
6.817260
6.317260
5.717260
4.817260
3.917260
3.117260
2.717260
2.217260
1.917260
1.917260
1.917260
1.867260
1.567260
1.317260
1.217260
1.517260
1.817260
2.367260
3.767260
5.167260
6.267260
6.517260
6.767260
6.817260
6.417260
5.917260
5.567260
5.467260
5.317260
5.217260
5.317260
5.367260
5.317260
4.817260
4.317260
3.617260
2.417260
1.217260
0.467260
1.067260
1.667260
2.217260
2.717260
3.167260
3.467260
3.267260
2.967260
2.817260
2.817260
2.717260
2.667260
2.567260
2.417260
2.317260
2.217260
2.117260
2.017260
2.017260
1.917260
1.917260
1.817260
1.767260
1.767260
1.867260
1.967260
2.067260
2.167260
2.317260
2.267260
1.667260
1.067260
0.417260
-0.332740
-1.082740
-1.682740
-1.682740
-1.682740
-1.582740
-1.182740
-0.882740
-0.582740
-0.532740
-0.482740
-0.482740
-0.382740
-0.332740
-0.232740
0.067260
0.317260
0.617260
1.017260
1.417260
1.717260
1.617260
1.567260
1.517260
1.417260
1.367260
1.317260
1.217260
1.117260
0.967260
0.667260
0.417260
0.267260
0.467260
0.567260
0.717260
0.717260
0.617260
0.617260
0.517260
0.467260
0.517260
0.967260
1.417260
1.717260
1.617260
1.517260
1.367260
1.267260
1.117260
0.817260
0.067260
-0.682740
-1.232740
-1.032740
-0.832740
-0.832740
-1.432740
-2.132740
-2.682740
-3.082740
-3.382740
-3.632740
-3.432740
-3.132740
-2.632740
-1.232740
0.167260
1.217260
1.217260
1.217260
0.967260
0.067260
-0.882740
-1.782740
-2.682740
-3.532740
-4.332740
-4.932740
-5.532740
-5.982740
-5.982740
-5.982740
-6.132740
-6.832740
-7.482740
-7.882740
-7.582740
-7.232740
-6.382740
-4.032740
-1.682740
0.117260
0.167260
0.217260
-0.032740
-1.032740
-2.132740
-2.882740
-2.782740
-2.682740
-2.632740
-2.732740
-2.882740
-2.932740
-2.782740
-2.632740
-2.532740
-2.632740
-2.782740
-2.832740
-2.632740
-2.432740
-2.082740
-1.232740
-0.382740
0.267260
0.467260
0.667260
0.717260
0.317260
-0.082740
-0.382740
-0.482740
-0.532740
-0.582740
-0.682740
-0.782740
-0.832740
-0.732740
-0.632740
-0.482740
-0.182740
0.167260
0.717260
2.017260
3.267260
4.317260
4.767260
5.217260
5.567260
5.817260
6.067260
6.167260
5.967260
5.667260
5.467260
5.267260
5.067260
4.867260
4.667260
4.367260
4.167260
3.867260
3.617260
3.267260
2.667260
1.967260
1.567260
1.867260
2.117260
2.617260
3.817260
5.017260
5.967260
6.267260
6.517260
6.617260
6.267260
5.917260
5.617260
5.617260
5.617260
5.517260
5.167260
4.817260
4.517260
4.417260
4.367260
4.317260
4.217260
4.117260
3.967260
3.817260
3.667260
3.517260
3.417260
3.317260
3.267260
3.367260
3.467260
3.467260
3.317260
3.167260
3.017260
2.917260
2.867260
2.817260
2.817260
2.817260
2.817260
2.817260
2.817260
2.767260
2.467260
2.167260
1.867260
1.767260
1.617260
1.517260
1.567260
1.617260
1.567260
1.417260
1.267260
1.017260
0.617260
0.117260
-0.232740
-0.432740
-0.732740
-0.882740
-0.982740
-0.982740